0,0,834.9,520.0,209.3,109.1
1,0,832.8,519.8,211.6,108.8
2,0,891.0,505.5,174.4,100.5
3,0,891.0,505.7,174.4,100.2
4,0,879.0,505.9,191.6,97.2
5,0,879.2,505.9,191.6,97.0
6,0,879.2,505.8,191.5,97.1
7,0,858.8,500.4,214.5,181.2
8,0,858.1,500.4,216.1,181.4
9,0,859.4,500.4,214.7,181.5
13,0,964.5,557.7,155.9,134.9
14,0,964.8,557.7,155.7,135.0
15,0,955.3,556.3,164.5,119.5
16,0,955.4,556.4,164.5,119.4
17,0,955.4,556.4,164.4,119.1
18,0,956.4,552.2,171.4,115.7
19,0,956.4,552.2,171.4,115.7
20,0,956.4,552.2,171.4,115.7
21,0,959.1,543.1,170.2,117.5
22,0,959.2,543.1,170.4,117.5
23,0,959.2,543.1,170.3,117.5
24,0,957.6,543.7,161.1,118.9
25,0,957.5,543.7,161.2,119.0
26,0,957.3,543.7,161.4,119.0
27,0,956.0,543.7,162.6,119.2
28,0,946.3,535.7,185.8,164.0
29,0,945.5,535.8,186.6,163.9
30,0,945.2,535.8,186.8,163.9
31,0,942.3,540.5,188.1,125.4
32,0,942.3,540.5,188.1,125.2
33,0,942.2,540.5,188.2,125.3
34,0,935.2,549.2,185.1,152.0
35,0,935.0,549.2,185.3,151.0
36,0,935.0,549.2,185.3,151.1
37,0,935.0,549.2,185.3,151.8
38,0,913.5,544.5,181.2,119.4
39,0,913.5,544.5,181.2,119.4
40,0,913.5,544.5,181.3,119.0
41,0,877.8,538.7,170.1,111.9
42,0,877.6,538.8,170.1,111.7
43,0,877.1,538.9,170.8,111.5
44,0,832.2,533.1,165.8,105.0
45,0,832.2,533.1,165.8,105.1
46,0,832.1,533.1,165.9,105.0
47,0,832.1,533.1,166.0,105.0
48,0,786.5,524.8,153.4,105.5
49,0,786.6,524.8,153.3,105.4
50,0,786.5,524.8,153.4,105.4
51,0,746.6,521.8,151.8,98.6
52,0,746.6,521.8,151.8,98.3
53,0,746.6,521.8,151.9,98.3
54,0,707.5,508.2,150.6,110.2
55,0,707.5,508.2,150.6,110.2
56,0,707.4,508.5,150.7,109.7
57,0,707.9,508.5,150.3,109.6
58,0,656.1,493.3,172.2,116.2
59,0,656.0,493.3,172.3,116.1
60,0,656.1,493.3,172.3,116.1
61,0,625.7,480.8,196.2,133.2
62,0,625.6,479.5,196.5,134.6
63,0,625.5,479.3,196.5,134.7
64,0,629.6,467.8,194.8,149.6
65,0,629.5,467.8,194.8,149.6
66,0,629.5,467.8,194.8,149.5
67,0,629.5,467.8,194.8,149.5
68,0,654.9,504.7,180.0,122.7
69,0,654.8,504.7,180.0,122.7
70,0,654.8,504.7,179.9,122.7
71,0,677.3,505.1,176.0,129.3
72,0,677.2,505.3,176.1,129.1
73,0,677.3,504.8,175.9,129.6
74,0,696.2,531.3,171.6,117.5
75,0,696.4,531.3,170.2,117.5
76,0,696.3,531.3,170.3,117.5
77,0,696.3,531.3,170.3,117.5
78,0,708.1,547.3,177.8,117.7
79,0,708.0,547.3,177.9,117.7
80,0,708.0,547.3,177.7,117.7
81,0,720.5,553.4,183.8,123.5
82,0,720.5,553.5,183.7,123.4
83,0,720.4,553.5,183.6,123.3
84,0,715.4,552.8,191.9,125.7
85,0,715.2,552.8,192.0,125.7
86,0,715.3,552.8,191.9,125.8
87,0,716.2,550.1,185.7,128.4
88,0,716.5,550.1,185.3,128.3
89,0,716.4,550.1,185.9,128.5
90,0,713.7,549.2,190.9,129.4
91,0,713.7,549.3,190.8,129.3
92,0,713.6,549.2,190.8,129.3
93,0,720.1,554.1,188.1,122.4
94,0,720.3,554.1,187.9,122.4
95,0,720.3,554.1,187.9,122.4
96,0,717.1,555.3,179.6,122.1
97,0,717.0,555.3,179.7,121.9
98,0,717.1,555.3,179.6,122.2
99,0,702.2,547.0,169.2,122.5
100,0,702.1,547.0,169.1,122.6
101,0,701.4,548.1,170.3,120.6
102,0,683.1,543.9,166.3,122.1
103,0,683.1,543.9,166.3,122.0
104,0,683.1,543.9,166.3,122.0
105,0,669.0,540.4,186.8,123.3
106,0,668.9,540.3,186.8,123.4
107,0,668.9,540.3,186.8,123.4
108,0,650.9,477.2,218.3,169.8
109,0,651.0,477.2,216.9,169.8
110,0,681.9,506.3,171.0,140.5
111,0,681.9,506.2,170.9,140.5
112,0,681.9,506.3,171.0,140.5
113,0,686.3,507.5,170.2,137.4
114,0,686.3,507.5,170.1,137.5
115,0,686.3,507.4,170.1,137.7
116,0,676.5,512.8,213.9,137.3
117,0,676.6,512.8,213.8,137.4
118,0,676.6,512.8,213.9,137.3
119,0,687.1,509.4,203.4,152.8
120,0,686.9,509.6,203.6,152.3
121,0,686.9,509.7,203.5,152.4
122,0,720.2,502.4,172.6,136.3
123,0,720.3,503.1,172.4,135.5
124,0,720.2,502.3,172.4,136.4
125,0,763.4,520.5,120.7,125.0
126,0,763.3,520.5,120.8,124.9
127,0,763.4,520.6,120.7,125.0
128,0,803.6,518.4,114.8,121.3
129,0,803.6,518.4,114.8,121.3
130,0,803.6,518.4,114.9,121.3
131,0,803.6,518.4,114.9,121.2
139,0,745.2,521.5,263.1,125.9
140,0,744.5,521.5,263.8,125.9
141,0,744.2,521.5,264.1,125.8
142,0,742.1,521.4,266.2,125.9
143,0,823.7,519.7,218.4,121.7
144,0,823.7,519.7,218.5,121.5
145,0,823.7,519.7,218.6,121.5
146,0,824.2,519.7,217.9,121.1
147,0,824.6,519.7,217.6,121.3
148,0,890.2,501.0,174.9,103.0
149,0,890.2,501.1,174.9,103.0
150,0,890.2,501.1,174.8,102.8
151,0,890.2,501.1,174.8,102.8
152,0,880.4,505.7,190.8,97.3
153,0,880.1,505.7,191.0,97.3
154,0,880.4,505.7,190.8,97.3
155,0,880.3,505.7,190.9,97.3
156,0,869.3,498.2,214.4,177.6
157,0,869.2,498.3,214.1,174.7
158,0,868.8,498.3,216.1,174.9
165,0,957.2,557.8,155.8,133.4
166,0,952.4,555.6,170.6,119.9
167,0,952.5,555.6,170.6,119.8
168,0,952.4,555.6,170.5,120.0
169,0,955.5,551.4,172.7,117.3
170,0,955.5,551.3,172.6,116.8
171,0,955.4,551.4,172.6,116.9
172,0,955.4,551.4,172.8,116.8
173,0,959.2,543.2,166.8,117.7
174,0,959.1,543.2,167.0,117.6
175,0,959.1,543.3,167.0,117.6
176,0,952.1,543.6,165.3,157.6
177,0,952.1,543.4,165.1,157.6
178,0,952.1,543.4,165.1,157.7
179,0,944.5,535.3,187.7,164.0
180,0,944.6,535.3,187.6,164.0
181,0,944.6,535.3,187.6,164.0
182,0,944.7,535.3,187.4,164.0
183,0,941.9,537.6,188.0,126.1
184,0,942.0,538.3,187.1,124.8
185,0,941.8,537.6,187.9,126.1
186,0,931.2,547.3,191.5,144.8
187,0,931.2,547.3,191.5,144.8
188,0,931.2,547.3,191.5,145.2
189,0,909.6,543.9,220.6,115.7
190,0,909.4,543.9,221.9,117.1
191,0,909.3,543.9,222.4,117.1
192,0,909.3,543.9,222.5,117.3
193,0,879.9,537.9,167.9,114.1
194,0,879.9,537.9,168.0,114.1
195,0,879.8,537.9,168.0,113.9
196,0,832.3,533.0,167.3,105.7
197,0,832.3,533.0,167.3,105.8
198,0,832.3,533.0,167.4,105.8
199,0,785.7,524.2,155.0,106.8
200,0,785.7,524.2,154.6,106.8
201,0,785.8,524.2,154.5,106.8
202,0,785.8,524.2,154.5,106.8
203,0,742.3,522.3,157.1,98.7
204,0,742.4,522.3,157.1,98.7
205,0,742.3,522.2,157.2,98.8
206,0,710.7,512.7,149.2,102.1
207,0,710.8,513.0,149.2,101.9
208,0,710.7,512.9,149.3,101.9
209,0,652.9,493.1,174.1,111.5
210,0,652.8,492.9,174.1,111.6
211,0,654.8,495.6,173.1,116.2
212,0,654.8,495.5,173.3,116.3
213,0,625.2,483.1,197.6,130.0
214,0,625.2,483.3,197.6,129.6
215,0,625.2,483.1,197.5,129.9
216,0,630.4,467.1,193.4,150.3
217,0,630.4,467.1,193.4,150.3
218,0,630.4,467.1,193.4,150.3
219,0,654.0,502.4,180.2,123.1
220,0,654.0,502.4,180.4,123.1
221,0,654.0,502.4,180.3,123.1
222,0,654.2,502.4,180.2,123.1
223,0,676.8,510.1,174.5,124.2
224,0,676.7,509.9,174.5,124.4
225,0,676.7,509.8,174.8,124.6
226,0,696.4,531.8,172.2,116.1
227,0,696.4,531.8,172.3,116.1
228,0,696.4,531.8,172.3,116.2
229,0,708.0,546.2,175.8,117.7
230,0,707.9,546.2,175.5,117.4
231,0,708.0,546.1,174.7,117.2
232,0,706.9,546.2,175.9,117.2
233,0,719.2,553.9,180.8,121.4
234,0,719.1,553.8,180.9,121.5
235,0,719.1,553.8,180.9,121.6
236,0,717.1,553.3,188.8,123.8
237,0,717.1,553.3,188.7,123.9
238,0,717.2,553.3,188.5,123.8
239,0,716.6,550.9,189.0,127.3
240,0,716.7,551.0,188.9,127.1
241,0,716.2,551.0,189.3,126.9
119,1,994.7,578.1,194.9,132.7
120,1,995.2,578.2,194.4,132.9
121,1,995.3,578.2,194.5,133.4
122,1,996.1,567.4,200.9,130.0
123,1,996.0,567.4,200.9,130.0
124,1,996.1,567.4,200.9,130.0
125,1,993.9,564.9,203.0,132.0
126,1,993.8,564.9,202.9,131.9
127,1,993.9,564.9,202.9,132.0
128,1,1004.3,563.5,176.7,131.0
129,1,1004.5,563.5,176.5,131.1
130,1,1004.6,563.5,176.6,131.7
131,1,1004.6,563.5,176.5,131.9
132,1,1002.6,569.8,173.0,125.1
133,1,1002.5,569.8,173.1,125.2
134,1,1002.6,569.8,173.1,125.2
135,1,1002.6,569.8,173.1,125.2
136,1,1002.6,569.9,173.2,125.2
137,1,975.9,574.9,212.2,123.2
138,1,975.9,574.9,212.1,123.0
139,1,975.9,574.9,212.1,123.0
140,1,976.0,574.9,212.1,123.0
141,1,976.1,574.9,212.1,123.1
142,1,976.1,575.0,212.1,123.0
143,1,999.1,570.0,185.9,123.7
144,1,999.1,570.0,185.9,123.7
145,1,999.1,570.0,185.9,123.7
146,1,998.9,570.0,186.1,123.7
147,1,998.8,570.0,186.1,123.8
148,1,978.0,567.6,191.5,129.2
149,1,978.0,567.7,191.4,129.2
150,1,978.0,567.7,191.4,128.9
151,1,977.8,567.6,191.6,129.0
152,1,886.7,557.2,268.5,135.4
153,1,887.2,557.2,268.0,135.4
154,1,886.8,557.2,268.2,135.3
155,1,886.7,557.2,268.3,135.3
156,1,877.2,555.9,264.8,136.6
157,1,877.4,555.6,264.6,139.1
158,1,876.7,554.7,265.4,140.3
159,1,846.0,492.1,288.6,203.0
160,1,847.4,492.1,287.2,203.1
161,1,848.7,492.0,286.0,203.1
162,1,848.1,492.1,286.6,203.1
163,1,880.5,493.5,182.4,176.8
164,1,880.6,493.5,182.2,175.5
165,1,880.5,493.6,182.4,178.8
166,1,842.2,485.4,198.7,204.7
167,1,842.2,485.3,198.7,204.8
168,1,842.2,485.3,198.8,204.8
169,1,806.2,477.9,202.7,189.7
170,1,806.2,478.0,202.6,189.5
171,1,806.2,477.9,202.6,189.6
172,1,806.3,477.9,202.5,189.6
173,1,782.1,468.7,221.8,218.1
174,1,782.1,468.7,221.8,218.8
175,1,782.2,468.7,221.7,219.0
