0,0,479.0,614.0,188.5,154.5
1,0,479.3,614.1,188.5,154.5
2,0,479.7,614.6,188.1,153.8
3,0,480.1,615.5,187.8,152.6
4,0,480.1,616.1,188.0,151.8
5,0,480.2,616.8,187.9,151.0
6,0,480.3,615.7,187.7,152.0
7,0,480.2,615.0,187.5,152.4
8,0,480.2,614.9,187.3,152.5
9,0,479.5,615.0,187.0,152.2
10,0,479.7,614.3,185.6,152.8
11,0,479.9,613.9,185.3,153.2
12,0,479.7,613.7,186.3,153.1
13,0,479.4,613.3,185.8,153.4
14,0,479.0,614.2,187.1,152.3
15,0,478.7,613.2,188.2,153.3
16,0,478.2,614.1,183.8,152.0
17,0,478.2,614.3,184.5,151.9
18,0,478.2,614.1,184.8,152.0
19,0,478.2,613.5,185.1,152.8
20,0,478.4,612.1,188.9,154.2
21,0,478.6,612.7,184.1,153.2
22,0,479.0,611.5,187.9,154.2
23,0,479.5,611.0,187.4,154.3
24,0,479.6,610.1,187.2,155.0
25,0,479.7,609.2,187.1,155.8
26,0,479.5,610.5,187.1,154.5
27,0,479.3,610.5,187.1,154.0
28,0,479.3,610.5,186.7,154.0
29,0,479.3,610.3,186.6,154.4
30,0,479.3,610.1,186.1,154.5
31,0,479.3,610.4,185.6,154.3
32,0,479.1,610.8,185.5,153.4
33,0,479.1,612.0,184.6,151.8
34,0,478.8,611.9,183.8,151.5
35,0,478.4,611.8,185.3,151.5
36,0,478.5,611.8,185.4,151.4
37,0,478.1,611.2,184.1,152.0
38,0,477.9,611.3,186.1,151.6
39,0,477.4,610.7,187.2,152.1
40,0,476.7,610.4,188.3,151.9
41,0,476.7,609.9,188.2,152.2
42,0,476.7,609.7,188.1,152.2
43,0,476.6,608.8,187.5,152.7
44,0,476.3,608.4,188.0,153.1
45,0,475.9,608.5,188.3,152.8
46,0,475.7,607.9,188.6,153.3
47,0,475.6,607.7,188.7,153.5
48,0,475.2,607.2,189.0,154.0
49,0,475.2,607.7,188.0,153.6
50,0,475.3,607.8,187.4,153.2
51,0,475.5,607.7,186.8,153.2
52,0,475.5,606.4,186.5,153.8
53,0,475.6,605.7,187.0,154.6
54,0,475.8,606.0,187.4,154.2
55,0,476.0,605.6,186.4,154.5
56,0,476.0,603.5,185.9,156.7
57,0,475.9,602.2,185.1,158.0
58,0,476.0,602.0,184.3,158.0
59,0,476.0,602.2,184.4,157.3
60,0,476.0,601.8,182.3,157.5
61,0,476.0,600.5,179.8,158.2
62,0,476.3,599.4,182.4,159.3
63,0,476.2,599.2,183.6,159.5
64,0,476.3,599.2,182.3,159.1
65,0,476.1,599.4,177.7,158.8
66,0,476.4,599.3,179.1,158.9
67,0,476.4,598.7,180.7,159.4
68,0,475.9,598.0,183.3,160.0
69,0,468.1,599.2,175.8,150.7
70,0,480.2,622.8,192.1,137.8
71,0,556.9,607.4,185.2,130.7
82,0,543.6,615.5,168.4,142.4
83,0,612.3,596.4,158.3,162.4
0,1,1235.8,685.6,214.3,140.8
1,1,1236.9,685.2,213.1,140.5
2,1,1237.0,685.4,212.9,140.4
3,1,1236.6,685.4,213.1,140.9
4,1,1236.4,685.4,213.2,141.4
5,1,1236.2,685.1,213.3,141.4
6,1,1236.2,685.3,213.1,139.7
7,1,1236.0,685.2,213.5,140.2
8,1,1235.9,685.2,213.7,140.6
9,1,1235.8,685.1,213.8,140.3
10,1,1235.8,684.8,213.4,140.9
11,1,1235.7,684.0,213.6,141.9
12,1,1235.5,683.6,213.5,142.6
13,1,1235.4,683.5,213.7,144.5
14,1,1235.5,682.5,213.6,145.5
15,1,1235.3,681.1,213.7,146.8
16,1,1235.3,681.0,213.7,148.8
17,1,1235.4,679.7,213.7,152.1
18,1,1235.5,679.0,213.5,148.8
19,1,1235.3,678.4,213.6,154.2
20,1,1235.3,678.1,213.5,151.4
21,1,1235.1,677.4,213.7,149.1
22,1,1235.1,677.2,213.6,150.4
23,1,1235.1,677.3,213.4,152.4
24,1,1235.2,676.8,213.3,152.4
25,1,1235.1,676.9,213.6,162.1
26,1,1235.5,676.9,212.7,151.0
27,1,1235.6,677.1,212.5,151.2
28,1,1235.4,676.9,212.5,151.6
29,1,1235.3,676.5,212.6,148.3
30,1,1235.4,676.3,212.3,146.4
31,1,1235.3,676.5,212.2,144.4
32,1,1235.4,676.3,212.0,143.8
33,1,1235.2,676.0,212.1,142.9
34,1,1235.3,675.9,212.0,142.9
35,1,1235.2,675.7,212.0,143.2
36,1,1235.0,675.5,212.2,143.4
37,1,1235.0,675.4,212.2,143.0
38,1,1234.6,675.1,212.3,142.9
39,1,1234.4,675.0,212.5,141.9
40,1,1234.1,674.8,212.6,141.3
41,1,1234.3,674.7,212.4,141.4
42,1,1234.2,674.5,212.5,141.4
43,1,1234.2,674.6,212.5,140.6
44,1,1233.4,674.7,213.1,140.6
45,1,1233.6,674.3,212.7,140.7
46,1,1233.6,674.2,212.5,140.8
47,1,1233.5,674.2,212.5,140.7
48,1,1233.4,674.4,212.5,140.3
49,1,1233.5,674.6,212.2,139.6
50,1,1233.5,674.3,211.8,139.6
51,1,1233.6,673.9,211.6,139.7
52,1,1233.4,673.4,211.7,139.9
53,1,1233.6,673.2,211.4,140.2
54,1,1233.5,673.1,211.4,140.4
55,1,1233.6,673.0,211.3,140.5
56,1,1233.7,673.0,211.2,140.5
57,1,1233.5,673.1,211.2,140.3
58,1,1234.0,672.9,210.8,140.5
59,1,1234.1,673.1,210.8,140.2
60,1,1234.3,673.1,210.6,140.0
61,1,1234.2,672.9,210.7,140.0
62,1,1234.1,672.9,210.9,139.6
63,1,1234.1,672.8,210.9,139.7
64,1,1234.1,672.7,210.9,139.8
65,1,1233.8,672.6,211.2,139.9
66,1,1233.9,672.5,211.1,140.0
67,1,1234.1,672.5,211.0,140.1
68,1,1234.2,672.2,210.7,140.5
69,1,1295.0,677.1,189.9,157.1
