0,0,1074.2,436.7,584.2,445.3
1,0,1074.6,435.7,584.9,445.9
2,0,1073.1,435.4,586.7,446.3
3,0,1073.7,435.5,586.7,447.2
4,0,1074.2,434.9,586.9,448.6
5,0,1074.1,436.4,587.0,448.1
6,0,1074.4,439.3,587.8,445.0
7,0,1073.9,437.5,587.9,447.8
8,0,1075.7,439.4,585.9,446.3
9,0,1074.4,440.2,586.8,446.0
10,0,1074.1,440.5,586.9,447.2
11,0,1073.4,442.9,585.8,445.9
12,0,1072.7,443.7,587.6,445.4
13,0,1072.5,443.3,584.7,445.6
14,0,1073.3,442.3,584.0,447.2
15,0,1073.5,443.6,585.7,446.8
16,0,1074.8,445.9,586.6,445.3
17,0,1075.2,445.1,587.4,446.4
18,0,1074.8,445.3,588.1,446.3
19,0,1075.2,445.9,587.9,445.7
20,0,1075.5,446.2,588.3,445.1
21,0,1076.7,448.2,586.6,443.3
22,0,1077.6,448.5,585.2,442.8
23,0,1078.0,450.4,584.9,440.9
24,0,1078.6,449.9,584.0,440.5
25,0,1080.0,450.7,583.4,440.8
26,0,1080.3,451.5,584.4,438.9
27,0,1079.3,450.5,585.2,441.8
28,0,1079.8,451.7,585.8,439.9
29,0,1078.8,451.2,588.1,441.2
30,0,1079.1,451.6,586.7,440.0
31,0,1078.4,451.8,587.8,440.1
32,0,1078.3,451.0,589.8,441.1
33,0,1079.9,448.9,588.2,442.8
34,0,1081.4,446.3,587.8,445.5
35,0,1083.4,446.0,587.1,446.1
36,0,1083.6,448.6,587.7,443.4
37,0,1086.2,445.7,586.2,447.5
38,0,1086.5,451.4,585.5,441.0
39,0,1086.2,451.7,586.9,440.4
40,0,1086.0,452.5,587.5,439.1
41,0,1087.8,453.9,585.0,437.8
42,0,1088.3,453.0,583.6,440.1
43,0,1088.1,454.0,584.5,438.9
44,0,1089.2,453.7,583.5,440.0
45,0,1089.3,452.1,583.5,442.4
46,0,1088.9,451.2,583.8,442.7
47,0,1089.4,449.5,583.7,444.6
48,0,1091.0,449.7,582.2,445.3
49,0,1091.4,448.8,581.4,447.1
50,0,1091.8,449.9,580.7,445.8
51,0,1091.9,450.4,580.2,443.6
52,0,1091.2,449.9,580.9,444.2
53,0,1091.4,449.4,581.4,445.7
54,0,1091.8,451.1,581.7,443.7
55,0,1093.7,448.4,580.7,446.8
56,0,1092.3,450.0,581.9,444.7
57,0,1094.0,447.2,580.3,447.6
58,0,1093.8,446.5,581.2,448.2
59,0,1093.0,444.4,582.2,451.1
60,0,1094.3,450.2,580.9,444.5
61,0,1095.6,450.2,580.1,444.9
62,0,1096.1,451.6,579.9,442.9
63,0,1094.4,450.3,581.7,442.7
64,0,1095.4,452.3,580.5,440.8
65,0,1095.8,452.0,580.4,441.1
66,0,1095.8,451.9,580.0,441.1
67,0,1095.4,451.8,580.7,440.9
68,0,1094.1,452.3,581.5,440.6
69,0,1093.9,451.8,581.9,441.8
70,0,1093.6,451.7,582.1,442.0
71,0,1093.8,451.1,581.4,442.4
72,0,1093.8,452.0,581.6,441.2
73,0,1094.4,452.0,581.0,441.2
74,0,1093.4,451.4,581.2,441.8
75,0,1094.0,451.5,580.3,441.5
76,0,1094.4,451.3,580.7,442.8
77,0,1094.1,451.4,581.0,442.0
78,0,1093.6,451.6,580.7,442.0
79,0,1092.3,451.0,581.6,443.0
80,0,1091.9,451.0,581.4,443.5
81,0,1093.1,450.1,579.9,443.6
82,0,1093.3,449.3,581.4,444.6
83,0,1092.5,448.0,581.9,446.1
84,0,1092.7,447.6,581.2,445.5
85,0,1092.7,449.0,581.4,444.6
86,0,1094.4,449.7,580.3,444.5
87,0,1094.3,449.1,580.8,445.2
88,0,1093.5,450.0,579.9,444.7
89,0,1092.3,449.5,581.5,444.6
90,0,1093.1,449.8,581.2,444.6
91,0,1093.3,449.9,580.8,443.8
92,0,1093.4,449.9,581.1,442.9
93,0,1094.7,449.5,579.5,443.0
94,0,1095.4,449.2,579.5,443.2
95,0,1095.8,449.3,579.5,443.2
96,0,1094.9,449.2,579.9,443.4
97,0,1094.5,448.8,580.6,444.0
98,0,1095.5,447.5,579.2,445.8
99,0,1095.3,449.0,579.7,444.5
100,0,1095.0,448.5,580.0,444.5
101,0,1094.9,447.4,579.1,444.5
102,0,1095.7,447.2,578.4,444.2
103,0,1096.2,447.7,577.7,443.9
104,0,1095.6,447.6,578.8,443.7
105,0,1095.7,445.9,578.1,445.9
106,0,1095.1,445.9,578.7,444.4
107,0,1095.9,445.4,577.4,445.4
108,0,1094.5,442.4,579.0,448.1
109,0,1095.5,439.7,578.3,450.6
110,0,1095.5,441.4,578.5,449.1
111,0,1095.6,441.7,578.7,448.3
112,0,1096.2,442.8,577.4,447.0
113,0,1096.3,442.6,577.2,446.7
114,0,1095.9,441.3,578.7,448.8
115,0,1096.1,441.5,578.3,448.1
116,0,1096.3,440.7,577.8,449.1
117,0,1095.8,439.7,578.5,449.1
118,0,1096.0,439.3,578.5,449.5
119,0,1096.2,438.8,579.4,450.3
120,0,1096.4,441.2,579.3,447.6
121,0,1096.1,441.9,580.5,446.6
122,0,1095.6,441.6,580.1,446.9
123,0,1096.0,442.7,580.5,446.0
124,0,1095.9,443.3,579.9,444.9
125,0,1095.3,442.8,581.8,445.4
126,0,1094.8,441.8,582.4,445.8
127,0,1095.1,442.3,582.0,445.6
128,0,1095.2,443.3,581.8,444.4
129,0,1095.1,442.1,581.8,445.0
130,0,1095.7,440.7,581.6,447.0
131,0,1095.7,440.2,581.4,448.6
132,0,1095.4,441.9,581.7,446.3
133,0,1095.0,441.7,582.5,446.9
134,0,1095.8,441.4,580.7,447.8
135,0,1096.8,439.9,579.0,449.2
136,0,1096.2,439.5,579.7,450.1
137,0,1096.5,442.1,578.7,447.2
138,0,1096.3,440.4,579.1,448.7
139,0,1097.3,441.5,577.6,448.0
140,0,1096.4,441.5,579.1,448.5
141,0,1096.7,439.9,578.7,450.5
142,0,1096.8,441.3,578.0,449.3
143,0,1096.9,441.9,578.2,448.5
144,0,1096.9,442.5,576.9,448.7
145,0,1095.5,444.8,577.6,446.3
146,0,1095.5,444.7,577.4,446.1
147,0,1095.8,448.4,576.6,442.5
148,0,1096.3,448.7,575.6,442.3
149,0,1096.3,449.7,577.8,442.0
150,0,1093.9,449.2,580.7,443.3
151,0,1092.5,449.8,581.5,443.0
152,0,1092.3,450.3,582.4,442.7
153,0,1093.4,450.6,580.5,442.2
154,0,1093.1,449.9,580.5,443.7
155,0,1093.5,449.8,581.5,444.2
156,0,1094.9,450.3,580.5,444.0
157,0,1094.8,450.1,579.9,444.4
158,0,1094.9,449.5,579.1,445.2
159,0,1094.5,450.4,579.9,443.6
160,0,1094.7,451.0,581.4,443.9
161,0,1095.0,452.7,581.2,442.1
162,0,1094.2,452.3,581.4,443.1
163,0,1093.3,451.8,580.8,443.4
164,0,1093.5,453.3,579.6,440.4
165,0,1093.2,454.1,581.3,439.7
166,0,1094.3,458.0,580.2,442.5
167,0,1094.7,458.7,580.5,442.2
168,0,1093.4,459.7,579.9,441.0
169,0,1094.3,460.3,578.6,440.7
170,0,1093.9,460.9,578.1,441.7
171,0,1093.3,461.1,579.4,441.0
172,0,1092.7,460.9,578.3,441.0
173,0,1092.6,461.2,578.0,441.8
174,0,1090.7,460.4,578.7,437.6
175,0,1088.8,460.3,580.2,439.9
176,0,1088.5,459.7,581.1,441.0
177,0,1087.1,459.6,582.1,442.0
178,0,1087.4,459.3,582.5,441.9
179,0,1087.5,459.4,583.2,443.0
180,0,1086.2,459.5,584.5,443.0
181,0,1085.7,459.8,585.4,441.0
182,0,1085.5,459.8,585.6,441.1
183,0,1085.6,459.9,584.4,441.2
184,0,1085.2,459.8,585.5,443.1
185,0,1085.1,462.2,585.5,441.7
186,0,1085.9,463.0,581.6,440.4
187,0,1087.8,463.8,581.0,446.2
188,0,1087.9,465.1,581.1,447.2
189,0,1088.3,466.6,581.0,446.4
190,0,1087.4,467.4,583.3,447.1
191,0,1088.1,468.0,583.2,446.3
192,0,1088.3,467.4,584.0,447.1
193,0,1088.7,466.7,582.7,447.3
194,0,1088.5,466.4,582.7,447.3
195,0,1088.8,467.0,581.2,445.0
196,0,1084.5,463.8,581.2,448.4
197,0,1079.5,455.5,560.4,446.8
198,0,1089.7,431.1,500.5,447.4
199,0,1112.1,412.2,429.6,370.0
200,0,1104.6,375.1,444.3,407.3
201,0,1117.6,342.4,442.5,383.8
202,0,1142.7,324.1,420.3,352.6
203,0,1151.2,285.2,431.6,398.0
204,0,1109.9,284.9,502.0,404.4
205,0,1077.0,289.6,539.8,398.6
206,0,1053.2,283.6,533.6,388.3
207,0,1030.8,296.7,496.3,354.2
208,0,1037.8,290.6,421.3,352.1
209,0,1049.4,283.2,407.7,359.5
210,0,1030.8,286.6,428.7,351.6
211,0,1038.1,281.2,421.7,357.9
212,0,997.8,277.7,464.1,363.9
213,0,1028.2,277.1,434.1,362.8
214,0,991.4,280.3,471.6,360.3
215,0,1051.3,280.9,413.3,367.4
216,0,1050.7,284.0,412.9,373.4
217,0,1032.7,285.4,431.4,371.4
218,0,1012.2,289.4,452.3,363.2
219,0,975.8,294.2,487.9,359.7
220,0,1001.3,292.7,462.0,359.3
221,0,972.1,295.0,490.9,355.2
222,0,990.6,294.3,471.2,353.4
223,0,988.5,297.0,473.5,350.5
224,0,1001.4,294.6,459.2,353.6
225,0,974.1,293.1,487.1,355.3
226,0,972.4,294.6,488.5,355.1
227,0,972.1,294.5,489.1,356.9
228,0,976.2,295.3,485.4,355.1
229,0,991.3,296.0,469.9,354.9
230,0,991.5,292.7,469.1,356.8
231,0,977.7,292.6,483.3,356.9
232,0,1037.5,294.4,423.8,356.8
233,0,1008.2,292.3,454.4,356.6
234,0,1048.3,295.9,415.5,354.2
235,0,1056.0,296.8,470.3,358.8
236,0,1060.6,292.8,513.4,376.5
237,0,1068.2,298.9,542.5,386.7
238,0,1097.9,299.6,532.9,398.5
239,0,1123.7,307.8,505.0,393.8
240,0,1152.8,291.4,462.4,397.3
241,0,1152.8,288.3,461.3,406.0
242,0,1152.0,276.3,460.3,418.4
243,0,1150.1,273.2,463.6,421.3
244,0,1149.7,281.9,464.7,416.0
245,0,1150.4,280.3,462.2,412.5
246,0,1150.6,279.6,462.8,413.5
247,0,1151.5,278.1,462.6,414.8
248,0,1150.2,280.0,464.4,414.1
249,0,1148.5,281.0,466.2,411.1
250,0,1149.2,281.2,465.7,412.4
251,0,1150.1,280.9,463.9,410.5
252,0,1150.6,279.6,465.1,415.0
253,0,1149.8,278.4,465.8,415.7
254,0,1150.1,279.7,465.5,415.3
255,0,1150.9,278.1,464.2,417.7
256,0,1150.6,278.9,463.6,414.2
257,0,1150.5,279.9,464.7,415.5
258,0,1151.7,278.9,463.8,417.2
259,0,1151.7,277.3,464.1,419.6
260,0,1150.3,278.5,464.4,418.2
261,0,1151.6,278.8,463.3,416.6
262,0,1151.3,278.2,463.8,419.0
263,0,1151.1,277.4,464.6,418.2
264,0,1151.6,277.2,464.0,419.3
265,0,1151.7,277.7,463.5,417.9
266,0,1152.6,274.5,461.7,422.4
267,0,1152.4,275.0,461.7,423.2
268,0,1152.0,277.6,463.5,420.5
269,0,1152.5,275.6,462.8,421.3
270,0,1152.7,274.5,461.8,419.6
271,0,1153.2,272.0,461.8,419.7
272,0,1152.3,272.3,462.0,421.0
273,0,1152.4,271.2,462.6,419.1
274,0,1153.0,272.9,462.0,411.6
275,0,1149.5,271.3,470.2,420.3
276,0,1138.1,289.5,513.8,425.8
277,0,1133.7,320.0,537.8,409.4
278,0,1128.4,323.4,544.0,406.8
279,0,1125.0,326.3,547.0,403.9
280,0,1130.0,318.5,542.1,411.2
281,0,1132.6,310.0,539.8,418.7
282,0,1133.7,298.1,539.1,430.1
283,0,1132.5,302.5,540.3,425.7
284,0,1130.4,306.4,541.8,420.8
285,0,1130.6,308.0,541.2,418.0
286,0,1130.5,308.3,541.5,417.7
287,0,1130.5,307.3,541.9,418.9
288,0,1130.3,305.1,542.9,420.6
289,0,1129.4,305.5,544.2,420.2
290,0,1129.5,306.1,544.2,419.4
291,0,1129.3,305.6,544.5,419.7
292,0,1128.8,305.7,544.9,419.0
293,0,1129.2,306.4,543.4,417.2
294,0,1129.1,305.5,542.5,418.3
295,0,1129.1,305.6,541.7,418.3
296,0,1128.9,305.7,540.4,417.0
297,0,1128.8,306.4,540.2,416.3
298,0,1128.4,305.4,540.9,416.5
299,0,1128.6,306.1,540.7,416.0
300,0,1127.8,302.5,542.5,418.4
301,0,1127.6,306.4,543.3,414.5
302,0,1127.3,306.6,543.9,413.1
303,0,1126.7,310.8,544.2,409.0
304,0,1127.1,310.5,542.8,407.8
305,0,1127.1,310.8,542.7,407.2
306,0,1126.9,310.5,541.7,406.7
307,0,1126.8,309.7,541.8,408.0
308,0,1126.8,307.2,541.4,410.7
309,0,1126.5,305.1,541.1,412.3
310,0,1126.8,302.8,540.0,414.7
311,0,1126.5,301.4,540.7,416.7
312,0,1126.0,299.4,541.1,418.6
313,0,1125.7,302.0,542.4,416.6
314,0,1125.4,301.6,542.7,416.1
315,0,1124.8,299.9,543.2,417.6
316,0,1124.8,299.2,542.9,417.8
317,0,1124.5,298.2,543.4,418.6
318,0,1124.7,303.4,542.9,413.0
319,0,1124.4,300.1,542.7,415.8
320,0,1123.9,297.5,543.5,418.2
321,0,1122.8,295.0,543.8,419.8
322,0,1122.9,295.8,543.8,419.4
323,0,1122.9,295.4,543.3,419.0
324,0,1129.0,301.7,539.3,413.5
325,0,1151.0,310.3,510.1,407.4
326,0,1192.7,324.9,448.1,373.5
327,0,1183.5,320.9,438.9,358.3
328,0,1146.5,328.3,504.1,427.5
329,0,1144.6,334.9,510.4,420.3
330,0,1144.3,332.4,507.9,423.6
331,0,1144.3,328.3,505.1,427.8
332,0,1146.3,322.0,502.1,432.1
333,0,1145.8,319.0,503.3,436.3
334,0,1146.0,318.3,502.8,435.8
335,0,1146.4,317.6,503.3,436.8
336,0,1144.0,318.3,504.9,435.8
337,0,1142.6,320.1,505.9,434.6
338,0,1142.1,322.5,506.3,432.0
339,0,1142.1,322.1,506.6,433.2
340,0,1141.0,322.3,506.7,432.5
341,0,1142.9,321.0,504.3,432.6
342,0,1141.5,321.0,505.9,433.6
343,0,1141.7,319.3,505.1,434.3
344,0,1143.7,319.2,503.7,434.0
345,0,1142.3,321.4,505.7,431.4
346,0,1141.8,320.3,505.4,432.9
347,0,1142.6,321.4,504.9,431.6
348,0,1141.4,321.7,506.6,431.3
349,0,1140.2,320.9,507.5,432.4
350,0,1140.8,320.0,506.8,433.3
351,0,1142.0,321.8,505.7,431.7
352,0,1143.0,322.3,505.2,430.0
353,0,1141.7,322.6,505.9,431.5
354,0,1143.1,322.1,504.5,431.0
355,0,1144.0,322.2,503.4,431.2
356,0,1143.7,322.7,503.5,431.6
357,0,1142.0,321.8,504.6,433.1
358,0,1142.5,322.4,503.9,433.1
359,0,1143.2,322.0,502.8,433.7
360,0,1141.1,322.6,505.4,432.1
361,0,1141.3,322.3,505.6,432.5
362,0,1141.5,322.5,504.5,432.5
363,0,1141.8,322.6,504.0,432.2
364,0,1141.8,322.1,504.5,432.7
365,0,1142.0,322.5,503.6,432.4
366,0,1142.0,323.0,503.0,432.1
367,0,1141.3,323.0,504.0,431.6
368,0,1141.6,322.4,504.3,432.1
369,0,1141.0,322.5,503.9,433.0
370,0,1141.3,322.6,504.1,432.8
371,0,1142.1,322.0,502.9,433.5
372,0,1140.9,322.8,504.2,431.9
373,0,1141.3,322.6,503.2,431.8
374,0,1141.6,322.3,503.7,432.5
375,0,1141.6,323.0,504.4,431.6
376,0,1142.5,322.1,503.2,432.5
377,0,1143.4,322.1,502.3,432.2
378,0,1143.6,322.2,501.8,432.0
379,0,1143.7,322.4,501.7,432.5
380,0,1144.5,323.0,500.3,433.1
381,0,1143.0,323.6,501.2,433.0
382,0,1143.1,322.7,502.2,431.7
383,0,1145.6,322.8,498.3,436.3
384,0,1145.4,328.2,479.3,427.9
385,0,1171.4,338.8,417.7,373.5
386,0,1148.5,360.6,484.2,436.9
387,0,1134.9,398.6,550.0,431.9
388,0,1139.1,416.2,569.1,413.6
389,0,1161.6,427.9,558.5,395.4
390,0,1186.7,434.6,526.7,388.7
391,0,1189.1,433.8,524.8,389.0
392,0,1185.5,433.8,527.7,388.7
393,0,1190.6,432.9,523.4,389.2
394,0,1192.1,431.9,521.7,389.8
395,0,1179.1,433.3,535.1,387.9
396,0,1202.4,434.1,511.0,385.6
397,0,1181.3,433.3,532.5,386.9
398,0,1180.4,432.3,533.8,387.1
399,0,1185.4,431.8,528.4,387.5
400,0,1190.9,432.0,523.3,387.9
401,0,1180.3,431.7,534.1,388.1
402,0,1178.5,431.1,535.1,388.5
403,0,1189.0,431.5,524.1,387.7
404,0,1196.8,431.2,516.2,387.7
405,0,1191.7,431.2,522.0,386.2
406,0,1188.4,431.0,525.7,386.2
407,0,1186.6,430.9,527.5,385.3
408,0,1182.2,430.9,532.0,384.7
409,0,1182.8,431.0,531.5,384.4
410,0,1183.4,431.1,530.5,384.5
411,0,1182.9,430.2,530.4,385.2
412,0,1184.6,430.4,529.0,384.4
413,0,1181.6,430.6,532.2,383.6
414,0,1180.2,429.7,535.4,384.4
415,0,1180.4,428.4,535.7,385.9
416,0,1183.7,427.9,531.7,386.2
417,0,1189.2,427.9,526.1,386.0
418,0,1184.3,428.1,531.7,385.3
419,0,1188.3,428.1,528.0,385.8
420,0,1175.8,428.3,540.6,386.5
421,0,1176.9,427.4,538.9,386.6
422,0,1176.0,428.6,540.3,384.9
423,0,1178.8,427.5,537.4,385.4
424,0,1181.2,428.1,534.9,384.6
425,0,1205.3,428.2,510.6,384.1
426,0,1195.6,427.7,520.6,385.7
427,0,1195.7,426.8,520.1,386.1
428,0,1204.2,427.1,511.2,385.3
429,0,1184.0,427.3,531.5,385.8
430,0,1190.7,426.7,524.7,385.3
431,0,1185.8,426.0,529.3,385.4
432,0,1186.5,425.6,528.2,385.3
433,0,1189.2,426.4,526.4,385.3
434,0,1196.4,425.2,519.3,386.2
435,0,1205.9,425.5,510.1,385.2
436,0,1206.7,425.3,507.8,385.2
437,0,1209.4,426.0,504.5,384.0
438,0,1204.9,425.4,509.4,385.0
439,0,1205.3,424.9,508.2,385.3
440,0,1199.9,423.8,512.6,386.2
441,0,1204.9,423.9,507.9,385.8
442,0,1206.8,424.3,505.5,385.9
443,0,1204.1,426.7,517.0,385.8
444,0,1218.2,420.4,540.7,406.3
445,0,1221.8,421.5,564.1,423.1
446,0,1266.3,420.4,554.5,436.1
447,0,1273.8,416.6,545.3,439.6
448,0,1272.4,417.5,547.1,438.3
449,0,1271.5,417.2,547.2,438.4
450,0,1268.7,418.1,549.5,437.4
451,0,1269.2,412.9,548.4,442.5
452,0,1270.5,404.0,547.4,451.2
453,0,1270.7,400.0,546.5,455.2
454,0,1270.3,399.0,545.3,456.1
455,0,1269.2,404.9,546.2,449.6
456,0,1269.5,407.5,544.7,446.7
457,0,1271.9,408.0,544.6,447.3
458,0,1272.2,408.5,543.5,446.6
459,0,1269.2,410.8,545.3,442.8
460,0,1272.1,406.2,543.8,448.2
461,0,1272.0,404.0,543.5,449.9
462,0,1271.2,402.9,542.1,450.9
463,0,1270.5,402.4,544.0,451.4
464,0,1269.7,402.4,545.8,451.5
465,0,1269.4,402.7,545.1,451.5
466,0,1269.9,402.2,545.2,452.0
467,0,1269.5,402.4,546.2,451.7
468,0,1268.7,402.3,548.1,451.4
469,0,1268.0,402.5,548.3,451.0
470,0,1268.3,402.8,548.3,451.0
471,0,1267.9,402.5,547.6,451.0
472,0,1267.4,402.4,547.6,450.6
473,0,1267.4,401.8,547.9,451.0
474,0,1267.5,401.7,547.7,450.7
475,0,1267.9,401.5,548.6,450.9
476,0,1267.4,401.3,548.0,450.1
477,0,1267.2,401.0,548.4,450.6
478,0,1267.6,400.9,549.1,450.4
479,0,1267.8,400.8,546.7,450.3
480,0,1267.6,401.2,548.5,450.0
481,0,1268.1,400.6,548.3,450.0
482,0,1267.5,400.7,549.8,450.2
483,0,1268.1,400.7,548.2,449.8
484,0,1268.3,401.0,547.7,449.7
485,0,1254.7,392.8,547.9,452.3
486,0,1219.9,344.6,559.3,477.3
487,0,1195.5,364.6,561.1,434.6
488,0,1173.0,376.5,532.7,396.2
489,0,1166.9,394.1,466.7,359.3
490,0,1170.5,388.5,434.9,365.2
491,0,1119.4,386.1,483.5,370.2
492,0,1106.1,388.3,499.9,365.4
493,0,1112.5,389.4,493.1,365.1
494,0,1119.7,391.2,486.1,363.7
495,0,1116.1,389.8,489.4,363.7
496,0,1121.8,390.3,483.4,363.3
497,0,1157.4,391.0,448.0,362.5
498,0,1141.9,390.1,464.5,363.7
499,0,1142.8,390.3,463.3,362.9
500,0,1152.8,390.5,453.0,361.9
501,0,1135.4,390.5,471.1,362.2
502,0,1128.3,391.0,477.9,362.6
503,0,1127.5,390.5,478.7,363.4
504,0,1126.3,391.1,481.0,362.6
505,0,1119.0,391.2,488.7,362.0
506,0,1103.5,390.1,502.7,364.3
507,0,1103.0,389.9,503.9,363.8
508,0,1112.4,391.2,496.9,361.6
509,0,1113.3,390.7,496.2,361.5
510,0,1114.3,391.9,494.8,360.4
511,0,1112.9,392.6,496.3,360.1
512,0,1110.1,391.7,499.2,362.8
513,0,1118.8,393.7,491.8,359.2
514,0,1122.4,393.6,488.6,359.1
515,0,1156.5,394.6,453.1,356.7
516,0,1164.6,394.9,446.1,355.0
517,0,1168.9,395.3,441.1,354.1
518,0,1171.4,394.8,438.7,353.6
519,0,1149.4,394.1,459.9,353.7
520,0,1162.5,394.8,446.5,352.8
521,0,1178.9,393.5,431.8,354.0
522,0,1181.7,393.8,429.4,354.0
523,0,1184.1,391.8,428.3,355.2
524,0,1180.1,391.8,432.3,354.6
525,0,1183.8,390.6,429.8,355.1
526,0,1183.7,388.0,430.3,356.8
527,0,1186.6,387.9,427.8,356.8
528,0,1186.1,388.5,429.0,355.1
529,0,1190.3,386.8,426.2,356.5
530,0,1188.6,386.5,427.8,356.9
531,0,1171.4,384.9,440.7,358.9
532,0,1188.8,378.3,479.8,370.6
533,0,1189.9,375.6,538.5,379.0
534,0,1204.3,362.0,557.4,427.6
535,0,1218.4,358.2,554.8,435.2
536,0,1218.2,371.3,553.9,421.4
537,0,1217.1,360.7,556.1,431.7
538,0,1216.1,368.8,556.2,422.3
539,0,1212.9,366.1,559.7,425.5
540,0,1214.4,354.0,558.0,437.4
541,0,1216.3,351.7,556.6,440.3
542,0,1216.9,348.5,556.2,442.9
543,0,1217.1,349.0,556.6,441.4
544,0,1216.3,357.4,557.9,431.5
545,0,1216.4,359.3,558.9,430.6
546,0,1216.9,359.6,559.4,429.9
547,0,1216.7,360.0,559.8,428.7
548,0,1216.8,359.6,558.2,429.5
549,0,1216.9,360.4,559.9,427.9
550,0,1217.3,359.5,558.3,428.9
551,0,1217.6,360.1,557.4,428.5
552,0,1217.8,360.3,558.1,428.1
553,0,1218.0,360.3,557.1,428.5
554,0,1218.9,360.1,556.7,429.4
555,0,1219.3,360.1,556.8,428.7
556,0,1219.9,360.2,555.8,428.8
557,0,1220.5,360.1,557.0,430.1
558,0,1220.3,360.9,558.9,429.5
559,0,1220.9,360.8,558.6,428.9
560,0,1220.5,360.1,558.7,429.2
561,0,1221.3,361.7,557.7,428.5
562,0,1219.9,360.1,558.0,429.9
563,0,1195.4,327.4,559.1,445.7
564,0,1146.4,315.8,554.5,436.5
565,0,1100.5,311.3,559.5,418.7
566,0,1072.9,311.0,554.0,406.4
567,0,1063.2,320.8,562.8,396.1
568,0,1061.3,324.8,563.4,391.6
569,0,1065.5,323.7,558.7,393.7
570,0,1068.5,323.1,555.6,396.4
571,0,1071.4,322.3,552.7,398.3
572,0,1068.5,316.0,556.4,405.4
573,0,1064.4,314.3,560.0,408.2
574,0,1062.0,312.9,561.4,410.0
575,0,1065.6,311.6,558.4,412.1
576,0,1065.1,307.7,561.1,416.9
577,0,1065.5,314.3,562.6,411.5
578,0,1064.4,323.3,565.3,402.9
579,0,1064.0,327.6,563.7,398.7
580,0,1065.5,330.6,560.3,396.4
581,0,1065.5,331.2,561.1,396.7
582,0,1055.5,321.1,555.2,404.7
583,0,1047.5,306.5,541.7,416.5
584,0,1048.3,304.2,517.3,407.5
585,0,1048.1,286.4,517.3,426.8
586,0,1048.8,301.6,517.1,413.1
587,0,1050.3,305.0,516.9,410.1
588,0,1048.5,308.0,517.3,407.4
589,0,1049.1,306.5,516.0,410.1
590,0,1050.1,303.8,515.1,414.0
591,0,1051.0,287.2,514.6,432.6
592,0,1051.2,280.8,514.1,440.0
593,0,1051.1,281.6,515.4,440.5
594,0,1052.2,296.8,515.5,427.2
595,0,1054.1,292.6,497.5,424.2
596,0,1053.2,271.6,471.7,417.8
597,0,1040.8,229.4,460.2,429.4
598,0,1024.5,207.6,460.0,421.8
599,0,999.0,196.0,488.7,418.5
600,0,964.0,210.1,517.9,390.5
601,0,953.0,206.2,525.4,393.5
602,0,951.4,210.5,527.0,393.6
603,0,952.9,211.1,525.4,394.1
604,0,957.2,215.3,520.6,391.0
605,0,957.3,215.3,521.3,391.8
606,0,958.8,215.0,516.7,393.0
607,0,958.6,214.9,517.7,393.7
608,0,953.6,218.2,518.3,389.5
609,0,949.3,201.9,489.3,389.5
610,0,966.0,182.4,433.8,389.0
611,0,977.5,178.2,402.9,341.4
612,0,976.5,185.7,414.2,361.7
613,0,975.5,194.4,410.6,335.4
614,0,979.1,194.0,399.2,315.7
615,0,981.2,194.2,426.7,354.4
616,0,949.6,181.4,466.0,371.2
617,0,946.0,179.2,468.4,376.0
618,0,947.9,177.2,465.2,382.8
619,0,947.9,173.9,468.1,390.7
620,0,952.3,168.4,463.5,398.3
621,0,953.5,172.8,462.1,398.0
622,0,954.8,181.5,462.4,391.0
623,0,955.5,190.0,463.0,384.6
624,0,952.6,195.7,468.1,382.5
625,0,953.7,199.4,470.5,380.9
626,0,953.9,196.1,469.9,386.9
627,0,954.8,198.8,471.6,387.5
628,0,957.0,197.9,466.8,391.3
629,0,957.0,203.1,467.8,387.5
630,0,956.6,205.7,469.9,388.8
631,0,958.3,212.1,470.4,382.8
632,0,949.9,211.9,480.7,387.1
633,0,945.0,212.4,482.7,389.3
634,0,942.1,224.5,487.5,377.1
635,0,943.9,232.4,486.0,373.0
636,0,944.0,234.6,490.4,378.0
637,0,943.8,235.1,486.0,383.7
638,0,945.3,235.4,488.8,386.6
639,0,944.8,237.3,486.6,389.2
640,0,944.1,241.9,486.4,388.0
641,0,945.7,243.6,486.7,387.7
642,0,946.5,247.7,486.6,386.7
643,0,949.6,249.9,486.3,387.5
644,0,951.2,245.2,468.5,389.3
645,0,973.5,236.8,415.1,378.4
646,0,964.4,230.6,405.0,361.1
647,0,961.3,237.2,429.2,364.6
648,0,968.3,245.2,426.1,356.1
649,0,975.3,253.6,426.1,337.1
650,0,980.3,271.4,423.6,337.2
651,0,984.5,275.9,420.5,357.8
652,0,996.2,284.7,415.0,327.7
653,0,997.6,288.9,413.2,362.2
654,0,1014.8,294.4,409.7,348.9
655,0,1038.9,319.7,391.4,350.5
656,0,1073.9,358.3,393.5,334.1
657,0,1105.3,391.7,373.0,313.6
658,0,1138.8,425.0,355.7,307.9
659,0,1176.4,469.6,328.2,255.0
660,0,1209.0,507.9,328.7,263.2
661,0,1247.5,536.7,303.4,233.9
662,0,1298.6,569.1,264.0,218.9
663,0,1339.4,590.9,247.7,196.9
664,0,1359.4,615.0,260.8,212.9
665,0,1376.7,642.6,252.4,199.3
0,1,2489.2,1087.1,732.4,485.0
1,1,2487.9,1088.7,733.4,482.7
2,1,2487.8,1089.6,733.1,482.0
3,1,2485.3,1089.9,735.5,484.8
4,1,2483.0,1090.5,738.1,485.4
5,1,2483.4,1090.0,737.6,484.6
6,1,2483.9,1090.2,737.2,485.6
7,1,2480.6,1091.8,740.9,485.0
8,1,2480.2,1091.1,741.1,484.2
9,1,2479.5,1090.3,741.9,485.6
10,1,2482.1,1089.3,739.1,484.2
11,1,2483.1,1090.3,738.6,487.6
12,1,2485.5,1090.2,736.9,487.9
13,1,2486.1,1089.9,736.6,491.1
14,1,2487.2,1091.3,735.4,491.9
15,1,2489.6,1092.8,732.8,488.7
16,1,2489.0,1097.3,733.4,488.5
17,1,2491.1,1095.9,731.7,487.4
18,1,2489.8,1095.5,733.2,487.2
19,1,2491.3,1097.4,731.3,487.5
20,1,2490.6,1098.6,731.9,487.1
21,1,2487.9,1098.7,735.0,486.0
22,1,2490.2,1099.0,733.4,484.5
23,1,2487.0,1100.1,736.2,484.0
24,1,2483.4,1099.6,742.0,490.2
25,1,2482.0,1098.2,743.6,494.2
26,1,2487.8,1098.0,738.6,493.2
27,1,2494.2,1096.8,732.7,491.8
28,1,2497.0,1095.5,730.0,492.9
29,1,2496.5,1096.1,731.0,493.2
30,1,2496.3,1096.9,730.0,494.8
31,1,2494.8,1098.5,732.0,494.2
32,1,2495.8,1098.0,732.1,492.9
33,1,2498.1,1099.2,730.3,492.8
34,1,2498.7,1100.7,730.5,490.7
35,1,2498.6,1101.3,731.4,491.5
36,1,2498.3,1101.3,732.4,490.3
37,1,2498.0,1102.2,732.8,490.6
38,1,2495.7,1101.1,736.0,491.2
39,1,2498.0,1099.6,735.0,492.2
40,1,2497.3,1097.6,736.4,494.1
41,1,2497.0,1097.8,737.2,494.7
42,1,2496.4,1099.6,737.8,493.6
43,1,2497.6,1100.0,736.3,493.7
44,1,2495.3,1101.0,739.0,492.5
45,1,2494.2,1101.8,738.7,492.0
46,1,2496.5,1101.9,737.3,491.4
47,1,2496.5,1101.4,737.0,491.2
48,1,2497.3,1101.9,736.3,490.5
49,1,2496.4,1102.7,737.2,489.3
50,1,2496.3,1103.2,737.3,488.9
51,1,2495.5,1103.0,738.3,489.4
52,1,2496.0,1102.2,738.0,490.8
53,1,2495.2,1102.9,738.6,489.8
54,1,2496.8,1104.2,736.4,488.1
55,1,2497.0,1104.1,736.2,488.2
56,1,2496.4,1101.1,737.4,491.1
57,1,2495.8,1106.7,737.5,483.3
58,1,2495.5,1103.2,739.1,488.9
59,1,2497.0,1103.0,736.5,488.9
60,1,2496.7,1102.6,735.9,488.7
61,1,2497.2,1103.4,736.3,487.9
62,1,2499.3,1104.2,735.0,487.8
63,1,2499.8,1103.3,736.3,488.4
64,1,2500.3,1104.4,735.7,487.8
65,1,2499.6,1104.4,736.0,487.8
66,1,2498.9,1103.8,736.7,488.5
67,1,2498.5,1103.5,738.0,488.9
68,1,2498.5,1104.0,737.5,488.5
69,1,2496.0,1106.8,737.3,483.5
70,1,2498.0,1103.5,737.0,488.5
71,1,2502.1,1107.2,732.5,483.5
72,1,2498.1,1107.6,735.9,483.5
73,1,2502.0,1107.8,731.8,482.5
74,1,2505.4,1106.9,728.9,483.3
75,1,2499.3,1102.8,736.3,489.5
76,1,2502.5,1101.8,732.5,491.1
77,1,2504.0,1101.3,731.6,490.7
78,1,2502.2,1102.2,733.7,489.6
79,1,2502.7,1102.7,733.8,490.2
80,1,2502.0,1099.6,733.5,492.6
81,1,2499.2,1099.4,736.3,493.1
82,1,2500.2,1098.7,734.7,493.5
83,1,2498.6,1099.3,736.5,492.1
84,1,2498.2,1099.8,737.8,491.4
85,1,2499.0,1100.5,737.8,491.4
86,1,2499.1,1099.9,738.0,491.6
87,1,2501.6,1099.5,736.4,492.0
88,1,2489.5,1103.5,749.9,485.5
89,1,2494.9,1103.5,745.0,485.1
90,1,2490.8,1103.7,748.0,483.8
91,1,2487.4,1103.4,750.9,484.0
92,1,2485.7,1103.5,753.4,483.4
93,1,2490.4,1102.5,749.1,484.1
94,1,2483.4,1104.0,756.1,482.6
95,1,2500.2,1103.3,736.7,483.3
96,1,2485.4,1102.5,754.9,484.0
97,1,2491.5,1103.0,748.8,483.9
98,1,2500.1,1104.2,737.7,483.2
99,1,2483.5,1104.3,757.6,481.2
100,1,2507.7,1103.2,730.0,483.0
101,1,2488.8,1104.7,752.4,481.2
102,1,2498.7,1104.4,742.1,482.1
103,1,2482.9,1103.2,757.5,483.7
104,1,2485.6,1102.4,755.9,484.4
105,1,2486.3,1102.9,754.6,483.2
106,1,2492.8,1104.5,747.1,481.2
107,1,2487.4,1103.9,752.5,480.4
108,1,2500.9,1099.4,738.4,486.3
109,1,2493.6,1103.1,747.6,477.7
110,1,2500.9,1099.7,737.0,485.0
111,1,2500.9,1097.4,736.6,487.0
112,1,2500.9,1095.4,736.3,489.7
113,1,2502.8,1095.9,734.5,489.0
114,1,2502.5,1095.0,735.9,490.0
115,1,2503.3,1093.4,735.3,488.6
116,1,2504.2,1092.8,735.7,491.0
117,1,2489.8,1094.8,754.7,486.2
118,1,2486.6,1095.1,755.0,484.1
119,1,2500.3,1094.3,737.7,487.4
120,1,2500.8,1093.7,737.6,489.4
121,1,2492.2,1095.4,749.4,485.6
122,1,2492.5,1095.1,750.0,484.1
123,1,2492.7,1094.7,750.1,486.5
124,1,2492.2,1094.1,751.8,487.0
125,1,2489.6,1095.2,754.0,486.6
126,1,2483.4,1094.8,760.8,488.6
127,1,2485.2,1094.2,757.7,488.1
128,1,2492.0,1093.8,752.6,488.6
129,1,2494.5,1093.9,748.9,487.9
130,1,2502.1,1090.7,737.1,493.0
131,1,2505.8,1090.9,733.9,493.3
132,1,2504.8,1092.2,735.5,492.6
133,1,2505.6,1092.9,734.0,493.2
134,1,2507.3,1091.3,732.8,495.1
135,1,2509.3,1091.3,730.5,495.3
136,1,2509.1,1094.2,731.6,491.5
137,1,2509.5,1094.9,730.8,489.6
138,1,2508.7,1093.5,731.7,489.7
139,1,2508.5,1093.3,730.9,490.4
140,1,2508.0,1094.3,731.7,490.7
141,1,2508.3,1091.7,730.1,493.3
142,1,2508.3,1093.3,731.1,491.4
143,1,2506.0,1094.5,734.3,490.8
144,1,2506.6,1094.5,734.1,491.2
145,1,2505.3,1095.5,734.7,491.9
146,1,2505.0,1095.9,735.5,491.3
147,1,2504.7,1095.4,736.9,491.2
148,1,2504.7,1096.2,737.8,490.1
149,1,2502.9,1096.7,739.1,490.9
150,1,2502.2,1097.6,739.9,491.5
151,1,2502.6,1096.7,738.1,492.9
152,1,2504.4,1096.1,735.5,494.2
153,1,2507.4,1097.4,732.4,493.3
154,1,2507.7,1097.0,730.5,494.3
155,1,2508.2,1098.2,730.0,494.3
156,1,2508.7,1098.6,729.1,494.1
157,1,2508.1,1099.1,729.6,493.6
158,1,2506.7,1098.6,730.6,493.7
159,1,2504.8,1097.7,731.9,494.1
160,1,2506.3,1098.3,730.5,493.5
161,1,2506.9,1098.2,730.5,493.8
162,1,2504.0,1100.8,733.4,491.1
163,1,2504.8,1100.8,733.4,490.8
164,1,2503.2,1100.3,734.5,491.3
165,1,2499.8,1102.5,738.1,489.5
166,1,2497.9,1104.6,737.9,486.7
167,1,2501.7,1103.2,734.3,487.6
168,1,2499.5,1103.8,735.3,488.2
169,1,2500.4,1103.4,733.3,489.2
170,1,2501.7,1102.7,731.6,489.8
171,1,2499.7,1102.7,734.2,490.1
172,1,2500.3,1102.9,732.8,491.0
173,1,2500.9,1102.6,732.1,490.9
174,1,2499.8,1101.9,732.5,491.7
175,1,2497.7,1103.9,733.4,489.9
176,1,2497.4,1106.2,734.6,487.9
177,1,2495.5,1106.0,737.1,488.1
178,1,2495.5,1104.9,736.6,489.6
179,1,2496.7,1104.4,735.6,490.2
180,1,2498.0,1104.0,732.8,490.5
181,1,2497.2,1104.3,732.1,490.0
182,1,2499.1,1105.0,729.8,489.5
183,1,2498.9,1105.8,729.0,489.2
184,1,2498.6,1106.9,728.7,488.5
185,1,2498.6,1106.8,729.0,488.7
186,1,2499.3,1106.7,727.5,488.6
187,1,2495.8,1106.9,730.8,489.2
188,1,2493.9,1105.8,732.2,490.8
189,1,2496.4,1106.6,730.1,489.8
190,1,2497.0,1105.2,731.3,491.8
191,1,2497.5,1106.0,731.1,491.4
192,1,2496.9,1106.2,731.4,490.8
193,1,2497.5,1108.9,730.4,488.0
194,1,2497.7,1109.1,730.4,487.6
195,1,2498.4,1109.5,729.9,487.2
196,1,2499.0,1111.3,729.4,486.2
197,1,2499.9,1111.9,728.4,484.7
198,1,2499.9,1112.1,728.1,485.3
199,1,2499.4,1111.6,728.7,485.4
200,1,2500.0,1111.8,728.6,485.4
201,1,2497.8,1111.4,731.1,485.8
202,1,2499.2,1111.5,729.4,485.5
203,1,2499.3,1113.4,731.7,483.8
204,1,2498.5,1116.2,733.0,482.0
205,1,2499.6,1115.2,732.8,482.4
206,1,2500.1,1114.8,732.8,482.8
207,1,2499.6,1115.3,734.0,483.7
208,1,2498.0,1115.9,735.6,484.4
209,1,2499.7,1115.6,733.8,486.2
210,1,2497.9,1119.2,737.6,483.4
211,1,2497.8,1119.1,738.5,485.3
212,1,2496.0,1119.5,739.3,484.6
213,1,2500.3,1118.4,735.9,484.2
214,1,2499.5,1120.7,737.2,482.4
215,1,2500.5,1122.0,736.1,483.2
216,1,2502.3,1122.6,734.0,480.4
217,1,2506.8,1121.0,729.2,484.8
218,1,2507.1,1121.9,729.7,483.0
219,1,2504.3,1120.5,735.3,482.8
220,1,2504.7,1120.9,734.9,483.1
221,1,2505.5,1121.5,734.3,485.4
222,1,2506.2,1121.4,733.6,486.6
223,1,2507.4,1122.3,732.7,489.0
224,1,2506.9,1123.5,733.0,488.4
225,1,2506.0,1123.2,733.7,491.0
226,1,2506.8,1122.3,733.0,490.7
227,1,2507.0,1122.9,733.9,490.4
228,1,2507.2,1122.7,733.5,490.1
229,1,2506.3,1121.9,734.1,490.2
230,1,2507.6,1122.7,732.9,489.8
231,1,2508.2,1120.3,732.5,493.1
232,1,2507.3,1121.8,733.6,490.9
233,1,2507.2,1121.4,733.7,491.0
234,1,2507.4,1121.0,733.8,491.2
235,1,2506.5,1122.4,733.8,489.6
236,1,2507.2,1122.9,731.7,489.6
237,1,2509.1,1124.1,730.0,488.5
238,1,2509.0,1123.2,730.2,489.7
239,1,2508.0,1122.6,732.0,489.7
240,1,2507.3,1122.5,732.3,490.6
241,1,2509.3,1124.2,727.5,489.8
242,1,2509.2,1122.1,730.4,491.2
243,1,2508.2,1122.9,730.6,490.2
244,1,2507.7,1121.8,731.6,487.8
245,1,2508.4,1122.1,730.9,489.6
246,1,2508.1,1124.7,730.0,488.4
247,1,2508.7,1125.3,728.8,489.5
248,1,2508.2,1122.9,732.0,490.0
249,1,2508.1,1121.7,732.3,490.9
250,1,2508.5,1122.1,733.3,491.0
251,1,2508.7,1122.1,734.6,489.1
252,1,2508.1,1122.2,735.1,488.6
253,1,2508.2,1121.0,736.1,490.0
254,1,2509.2,1121.2,734.3,487.1
255,1,2509.4,1122.2,732.6,487.0
256,1,2509.8,1123.0,732.6,485.5
257,1,2508.3,1121.4,734.1,488.5
258,1,2508.0,1120.9,736.8,487.0
259,1,2508.5,1120.4,736.4,487.2
260,1,2507.7,1121.2,737.2,486.4
261,1,2507.8,1120.2,736.8,484.6
262,1,2509.1,1120.0,734.9,485.1
263,1,2509.7,1120.1,734.0,485.3
264,1,2508.6,1121.4,735.6,484.2
265,1,2507.2,1122.1,736.6,481.7
266,1,2506.9,1122.3,737.3,482.5
267,1,2506.2,1122.4,737.4,482.0
268,1,2508.0,1122.6,735.4,482.9
269,1,2508.3,1122.5,735.5,481.7
270,1,2507.3,1120.4,737.8,482.6
271,1,2507.8,1119.2,738.1,483.3
272,1,2509.4,1121.1,736.1,481.6
273,1,2509.5,1121.0,736.7,481.1
274,1,2508.2,1120.7,737.3,482.2
275,1,2507.0,1119.6,739.0,483.2
276,1,2507.8,1117.7,738.6,484.9
277,1,2510.3,1117.7,736.6,485.7
278,1,2508.1,1117.4,737.9,485.0
279,1,2507.2,1117.2,739.7,485.0
280,1,2504.5,1116.6,742.8,485.4
281,1,2506.2,1116.6,742.1,484.3
282,1,2507.0,1116.0,742.4,484.0
283,1,2508.2,1116.1,741.2,483.9
284,1,2507.6,1116.4,741.9,483.5
285,1,2509.1,1115.6,740.3,482.6
286,1,2506.0,1113.4,741.8,484.7
287,1,2506.9,1113.5,740.3,483.2
288,1,2510.4,1109.1,734.1,487.3
289,1,2508.4,1113.9,737.4,481.2
290,1,2508.5,1108.8,735.7,487.2
291,1,2506.6,1108.9,738.3,486.6
292,1,2504.6,1114.0,741.8,481.3
293,1,2505.3,1113.2,740.5,481.5
294,1,2506.4,1114.0,740.1,480.4
295,1,2506.4,1113.6,740.5,480.6
296,1,2503.9,1112.5,742.9,481.6
297,1,2503.0,1110.9,744.1,483.5
298,1,2502.1,1111.3,744.9,482.2
299,1,2503.9,1111.7,742.0,481.6
300,1,2508.0,1107.1,735.5,487.0
301,1,2508.4,1106.1,734.4,485.3
302,1,2508.0,1105.6,734.3,484.5
303,1,2508.8,1104.6,733.2,483.2
304,1,2506.4,1103.9,736.1,484.7
305,1,2507.1,1102.0,735.4,485.9
306,1,2507.8,1100.9,735.4,487.0
307,1,2507.5,1099.4,735.8,483.7
308,1,2508.6,1098.8,734.0,489.7
309,1,2508.1,1098.9,734.7,492.2
310,1,2508.5,1102.0,734.3,490.0
311,1,2508.7,1100.6,734.8,490.0
312,1,2508.5,1100.0,734.8,491.0
313,1,2508.7,1099.3,734.6,492.2
314,1,2508.3,1098.5,734.6,493.4
315,1,2509.1,1098.7,733.3,493.1
316,1,2509.6,1096.9,731.8,494.0
317,1,2510.2,1094.5,731.2,494.9
318,1,2509.1,1094.6,732.4,492.5
319,1,2509.4,1094.2,731.6,492.1
320,1,2508.1,1094.2,732.0,493.2
321,1,2508.0,1095.4,730.2,492.7
322,1,2505.7,1096.6,732.6,492.0
323,1,2505.3,1096.6,733.6,492.0
324,1,2504.0,1098.3,733.0,488.0
325,1,2503.9,1098.6,733.9,488.4
326,1,2501.8,1097.6,736.1,487.4
327,1,2498.8,1098.5,737.0,486.9
328,1,2497.7,1098.7,737.0,486.3
329,1,2497.5,1098.2,737.6,485.7
330,1,2498.4,1098.9,736.1,484.0
331,1,2500.0,1099.2,734.4,484.3
332,1,2498.6,1097.0,735.5,487.6
333,1,2500.5,1095.4,733.3,489.4
334,1,2501.5,1096.6,732.4,489.7
335,1,2501.4,1096.3,733.1,490.9
336,1,2501.2,1095.4,732.4,492.7
337,1,2498.1,1094.0,734.9,493.6
338,1,2496.5,1094.8,735.7,492.2
339,1,2500.2,1095.8,732.5,490.5
340,1,2498.3,1094.6,733.7,492.4
341,1,2498.4,1096.0,734.8,489.9
342,1,2494.2,1095.6,739.2,489.9
343,1,2494.1,1095.5,739.5,490.8
344,1,2496.2,1095.1,737.8,489.1
345,1,2497.1,1094.4,736.2,490.0
346,1,2498.2,1093.5,734.3,491.3
347,1,2496.6,1094.9,735.8,490.3
348,1,2497.2,1094.6,735.9,489.9
349,1,2494.7,1093.7,738.4,491.9
350,1,2494.2,1093.0,739.0,492.7
351,1,2493.7,1094.9,739.5,490.0
352,1,2494.7,1095.2,738.4,489.0
353,1,2495.7,1093.7,737.0,492.0
354,1,2495.1,1094.0,738.3,492.5
355,1,2497.0,1094.8,736.5,492.5
356,1,2496.5,1095.9,736.9,491.1
357,1,2493.3,1096.7,739.2,491.0
358,1,2491.5,1096.3,740.5,492.0
359,1,2489.9,1096.3,742.8,491.6
360,1,2482.7,1099.7,751.7,485.6
361,1,2484.7,1099.3,749.9,485.9
362,1,2491.3,1094.7,741.5,492.7
363,1,2495.2,1096.6,737.0,491.0
364,1,2495.2,1097.5,736.3,491.0
365,1,2494.6,1096.0,736.2,492.0
366,1,2491.8,1096.2,739.4,492.3
367,1,2493.6,1095.9,738.8,492.6
368,1,2498.4,1097.2,733.7,491.2
369,1,2498.0,1096.3,734.8,491.9
370,1,2494.4,1095.0,737.5,493.7
371,1,2494.7,1094.9,736.0,493.8
372,1,2495.4,1095.2,734.5,492.7
373,1,2493.7,1095.2,736.7,491.7
374,1,2492.9,1094.8,738.2,492.1
375,1,2493.8,1094.3,738.6,492.1
376,1,2492.6,1094.5,739.5,490.8
377,1,2495.8,1093.6,736.3,492.5
378,1,2494.9,1094.0,735.7,491.5
379,1,2493.9,1094.8,735.5,491.3
380,1,2494.8,1094.8,735.0,490.6
381,1,2495.8,1094.8,734.6,493.1
382,1,2494.1,1093.7,735.6,494.0
383,1,2491.8,1094.1,737.9,491.6
384,1,2493.8,1095.1,735.0,490.7
385,1,2494.1,1094.8,732.2,490.8
386,1,2492.5,1095.8,735.4,489.5
387,1,2494.4,1095.5,733.7,490.2
388,1,2495.6,1093.2,731.6,491.0
389,1,2498.1,1091.9,728.1,490.8
390,1,2494.4,1090.9,732.7,491.1
391,1,2492.5,1090.5,735.1,491.8
392,1,2494.7,1090.0,732.1,491.7
393,1,2492.8,1088.7,734.4,493.2
394,1,2496.0,1089.9,730.5,490.8
395,1,2495.3,1093.9,732.6,484.4
396,1,2496.4,1088.4,729.9,490.3
397,1,2492.2,1088.7,734.7,489.2
398,1,2491.4,1086.9,734.5,490.7
399,1,2490.4,1086.1,735.3,492.2
400,1,2526.3,1091.0,700.6,485.7
401,1,2498.4,1089.5,728.8,487.2
402,1,2493.1,1082.2,734.5,493.7
403,1,2494.4,1081.3,734.8,494.2
404,1,2491.8,1082.3,736.6,494.2
405,1,2495.0,1082.8,732.8,492.7
406,1,2496.1,1083.7,731.6,490.3
407,1,2495.0,1083.5,732.6,489.6
408,1,2494.3,1083.1,733.1,490.9
409,1,2494.5,1083.0,733.2,490.4
410,1,2494.1,1082.3,732.5,490.9
411,1,2493.1,1082.0,733.2,491.5
412,1,2493.6,1081.6,732.1,491.9
413,1,2492.8,1080.7,733.8,492.0
414,1,2493.5,1079.5,732.6,492.3
415,1,2494.4,1079.9,731.2,490.8
416,1,2495.4,1079.6,730.1,492.9
417,1,2497.4,1080.9,728.3,490.4
418,1,2496.5,1079.5,728.6,491.4
419,1,2497.3,1079.0,727.8,492.2
420,1,2497.6,1079.1,727.7,491.3
421,1,2496.9,1078.0,728.3,491.9
422,1,2497.3,1077.8,727.5,492.9
423,1,2494.9,1077.8,730.6,493.6
424,1,2497.5,1077.0,728.6,494.0
425,1,2497.7,1076.7,729.1,493.1
426,1,2499.3,1076.4,727.1,493.8
427,1,2498.9,1076.3,727.2,492.9
428,1,2499.4,1075.7,726.8,493.1
429,1,2498.3,1077.5,728.9,491.6
430,1,2496.4,1077.7,731.6,491.5
431,1,2495.2,1076.7,732.6,491.5
432,1,2496.6,1076.6,730.6,492.2
433,1,2496.1,1076.7,731.7,492.0
434,1,2496.4,1075.4,731.5,493.7
435,1,2496.5,1075.8,731.4,492.6
436,1,2496.9,1074.4,730.7,494.0
437,1,2497.2,1074.4,730.5,494.0
438,1,2496.9,1073.8,729.8,495.0
439,1,2496.4,1075.0,730.7,493.9
440,1,2498.2,1074.7,727.8,494.1
441,1,2498.3,1076.0,727.8,492.7
442,1,2499.0,1075.4,726.2,493.3
443,1,2498.8,1075.3,727.2,492.7
444,1,2499.0,1075.1,727.4,492.6
445,1,2499.4,1074.5,727.5,494.0
446,1,2499.2,1074.3,727.3,494.2
447,1,2500.0,1074.5,726.0,493.7
448,1,2499.0,1073.6,727.9,495.1
449,1,2500.5,1074.7,726.4,493.3
450,1,2501.2,1074.8,725.5,493.0
451,1,2501.7,1075.0,724.9,492.8
452,1,2500.5,1074.9,725.7,492.9
453,1,2500.5,1075.2,725.4,492.9
454,1,2500.0,1075.0,725.5,492.8
455,1,2500.4,1076.2,724.9,491.6
456,1,2500.4,1076.1,725.5,491.4
457,1,2501.9,1076.7,723.3,491.3
458,1,2501.5,1076.8,723.3,491.1
459,1,2501.7,1077.0,723.9,489.2
460,1,2501.3,1077.3,724.4,486.5
461,1,2500.9,1078.1,724.2,485.4
462,1,2497.2,1076.4,728.3,486.6
463,1,2497.7,1078.2,726.8,485.6
464,1,2496.4,1078.5,728.2,484.1
465,1,2496.6,1075.5,728.5,487.8
466,1,2497.0,1073.8,727.6,489.9
467,1,2497.3,1074.1,727.6,488.7
468,1,2495.9,1074.9,728.2,487.6
469,1,2494.3,1072.6,729.6,489.5
470,1,2494.6,1074.3,729.0,486.7
471,1,2494.6,1073.6,729.0,487.0
472,1,2494.5,1072.7,729.2,488.1
473,1,2494.7,1070.2,729.0,490.5
474,1,2495.6,1068.8,727.7,491.6
475,1,2495.4,1069.6,728.0,492.4
476,1,2495.0,1071.6,727.9,489.1
477,1,2495.1,1070.2,727.8,489.6
478,1,2495.0,1070.2,728.2,489.2
479,1,2494.7,1071.1,728.7,486.4
480,1,2494.8,1071.8,728.9,487.9
481,1,2494.8,1071.1,728.3,488.8
482,1,2493.8,1070.3,729.3,489.0
483,1,2495.0,1069.8,728.4,489.6
484,1,2494.1,1069.5,728.2,490.1
485,1,2494.3,1070.0,729.1,490.7
486,1,2493.0,1071.8,729.4,487.2
487,1,2493.2,1071.1,728.5,487.8
488,1,2493.4,1070.8,728.0,488.1
489,1,2494.0,1070.7,727.7,488.0
490,1,2492.8,1070.9,729.1,486.7
491,1,2493.4,1070.6,729.0,487.3
492,1,2492.0,1071.7,730.2,487.6
493,1,2491.2,1072.4,731.3,487.3
494,1,2491.0,1072.1,731.4,488.5
495,1,2493.5,1071.4,729.0,487.8
496,1,2493.6,1071.1,729.2,489.8
497,1,2493.9,1073.7,729.1,488.2
498,1,2493.9,1073.2,728.6,487.6
499,1,2494.9,1070.9,728.8,491.5
500,1,2494.7,1069.4,729.5,490.1
501,1,2494.9,1069.2,730.4,490.3
502,1,2495.2,1071.1,729.3,488.7
503,1,2495.2,1071.0,729.4,488.9
504,1,2494.9,1070.3,730.9,485.2
505,1,2495.1,1071.2,730.7,483.7
506,1,2496.6,1070.3,729.4,484.0
507,1,2496.7,1071.1,729.9,487.1
508,1,2495.8,1072.3,730.5,486.8
509,1,2496.3,1071.8,729.9,488.2
510,1,2496.8,1070.3,729.6,492.7
511,1,2499.0,1071.0,727.0,491.0
512,1,2500.6,1071.3,725.8,490.8
513,1,2500.6,1071.2,726.5,489.5
514,1,2502.3,1070.7,725.5,488.7
515,1,2503.1,1070.4,725.4,489.0
516,1,2503.1,1071.4,725.7,487.5
517,1,2503.8,1072.0,724.9,487.9
518,1,2503.5,1073.6,726.7,486.1
519,1,2503.8,1073.3,725.6,486.4
520,1,2503.8,1073.5,725.4,486.5
521,1,2505.3,1072.2,724.5,487.8
522,1,2506.2,1072.6,723.3,487.9
523,1,2504.0,1071.7,726.4,489.2
524,1,2504.5,1071.9,725.9,488.9
525,1,2505.3,1072.2,724.9,487.9
526,1,2505.6,1071.9,726.0,488.1
527,1,2504.8,1072.0,726.8,488.1
528,1,2505.7,1072.2,726.3,486.5
529,1,2506.4,1072.5,726.9,485.2
530,1,2505.5,1072.7,727.3,485.9
531,1,2504.8,1071.4,728.6,487.8
532,1,2504.1,1070.7,729.4,487.6
533,1,2504.7,1070.5,730.4,488.0
534,1,2505.3,1068.6,730.8,490.8
535,1,2501.0,1071.2,740.8,483.1
536,1,2501.5,1071.1,740.7,485.4
537,1,2501.5,1071.2,741.1,484.3
538,1,2503.8,1068.8,738.3,486.4
539,1,2504.2,1068.9,738.5,485.9
540,1,2511.0,1066.0,727.0,492.4
541,1,2510.9,1066.1,726.8,492.3
542,1,2511.0,1064.2,726.7,494.8
543,1,2510.8,1063.8,727.5,495.6
544,1,2510.1,1064.9,726.5,494.3
545,1,2509.8,1064.4,727.1,494.8
546,1,2510.0,1062.5,726.3,496.1
547,1,2510.6,1064.5,727.5,493.5
548,1,2510.8,1064.2,727.4,494.7
549,1,2510.5,1062.8,727.1,495.7
550,1,2509.4,1063.2,730.0,495.9
551,1,2509.3,1063.3,730.6,494.7
552,1,2508.4,1062.6,732.4,495.4
553,1,2509.4,1063.5,733.1,494.9
554,1,2509.4,1065.1,732.1,493.4
555,1,2509.5,1066.0,731.0,490.5
556,1,2509.6,1066.3,732.9,490.5
557,1,2506.2,1068.0,739.8,485.5
558,1,2507.2,1068.1,739.8,484.8
559,1,2510.4,1066.1,732.2,489.8
560,1,2506.9,1067.4,738.8,484.4
561,1,2508.5,1068.6,737.5,484.2
562,1,2505.9,1068.2,740.9,484.4
563,1,2504.2,1070.0,742.9,483.2
564,1,2506.9,1070.6,739.8,483.5
565,1,2506.9,1070.1,738.4,483.7
566,1,2506.4,1070.4,739.2,482.7
567,1,2504.6,1073.1,741.1,481.3
568,1,2506.0,1075.0,739.7,480.0
569,1,2505.4,1074.0,741.1,482.0
570,1,2505.7,1073.0,741.1,483.8
571,1,2505.9,1072.0,740.4,485.6
572,1,2506.9,1072.5,739.7,486.1
573,1,2507.2,1073.9,740.0,484.1
574,1,2511.5,1075.8,731.6,485.6
575,1,2510.9,1075.7,733.0,485.1
576,1,2509.7,1076.2,735.0,485.6
577,1,2503.6,1079.6,744.8,479.7
578,1,2498.4,1081.4,749.3,478.3
579,1,2510.2,1079.9,731.8,483.5
580,1,2512.4,1080.1,730.7,483.5
581,1,2511.0,1082.5,732.6,483.2
582,1,2509.7,1082.1,736.3,484.7
583,1,2512.0,1084.4,732.9,484.1
584,1,2511.1,1082.0,732.2,487.3
585,1,2511.8,1081.5,731.5,487.6
586,1,2512.9,1084.0,731.6,486.2
587,1,2510.8,1084.0,735.7,487.4
588,1,2509.7,1087.1,737.0,487.5
589,1,2513.7,1089.9,732.4,487.2
590,1,2513.8,1091.6,733.3,488.3
591,1,2513.9,1090.6,735.6,492.3
592,1,2510.9,1095.1,742.0,489.2
593,1,2513.5,1099.4,738.5,484.0
594,1,2516.2,1097.5,731.8,490.5
595,1,2514.0,1094.2,736.2,498.0
596,1,2516.3,1095.1,734.9,496.9
597,1,2512.8,1104.7,740.9,487.0
598,1,2512.1,1111.7,738.8,479.5
599,1,2512.2,1110.7,740.5,482.0
600,1,2509.7,1109.5,744.4,485.6
601,1,2510.6,1113.1,740.2,480.4
602,1,2512.6,1114.2,737.9,480.5
603,1,2512.9,1112.0,739.5,483.9
604,1,2516.6,1112.3,738.6,484.3
605,1,2514.8,1114.8,739.0,483.5
606,1,2515.0,1114.2,739.4,484.6
607,1,2515.9,1114.3,740.6,484.8
608,1,2517.0,1115.7,739.6,485.8
609,1,2519.7,1118.4,735.2,483.8
610,1,2519.0,1118.6,737.8,487.6
611,1,2522.0,1121.8,735.0,485.2
612,1,2522.8,1123.3,734.1,486.9
613,1,2522.1,1126.3,733.5,486.8
614,1,2522.9,1126.0,732.9,491.7
615,1,2519.8,1129.8,739.9,490.0
616,1,2521.7,1131.9,737.9,491.0
617,1,2520.6,1141.4,740.2,484.7
618,1,2520.0,1143.0,743.0,490.8
619,1,2523.5,1146.6,740.2,492.5
620,1,2524.2,1149.6,740.3,491.9
621,1,2521.6,1154.3,744.5,483.8
622,1,2520.3,1154.8,746.1,485.8
623,1,2524.5,1154.9,743.7,489.1
624,1,2521.4,1154.5,744.0,490.3
625,1,2527.9,1161.8,738.0,485.7
626,1,2530.3,1168.1,739.5,477.4
627,1,2526.6,1170.2,743.6,476.2
628,1,2529.3,1172.0,740.3,481.9
629,1,2531.3,1177.3,740.3,480.7
630,1,2536.1,1183.2,735.0,477.2
631,1,2531.2,1184.8,740.0,471.9
632,1,2534.9,1188.3,736.5,479.9
633,1,2527.5,1191.1,745.0,480.8
634,1,2528.3,1196.1,748.4,487.3
635,1,2535.4,1196.7,741.0,492.7
636,1,2533.2,1201.9,744.4,487.0
637,1,2535.0,1201.4,738.6,491.6
638,1,2538.5,1204.4,739.8,483.2
639,1,2534.8,1210.2,738.6,481.6
640,1,2537.9,1208.6,741.2,479.0
641,1,2541.3,1213.5,738.2,475.5
642,1,2541.1,1217.8,736.0,487.1
643,1,2541.3,1221.7,735.9,488.5
644,1,2543.4,1223.7,731.8,488.6
645,1,2541.1,1231.6,733.8,485.0
646,1,2537.8,1235.7,738.2,491.1
647,1,2539.5,1243.2,734.1,489.8
648,1,2538.6,1245.9,730.8,490.0
649,1,2531.5,1246.3,738.3,486.3
650,1,2524.7,1249.8,734.7,485.1
651,1,2527.9,1253.7,714.8,486.0
652,1,2522.2,1256.5,706.1,479.6
653,1,2512.6,1259.2,705.0,474.9
654,1,2507.0,1266.8,697.6,459.8
655,1,2488.5,1262.1,679.3,451.2
656,1,2460.2,1261.3,651.9,430.8
657,1,2441.1,1259.5,632.2,413.9
658,1,2418.4,1253.2,602.6,392.1
659,1,2395.4,1251.7,575.5,382.9
660,1,2373.6,1249.0,544.3,361.4
661,1,2348.3,1246.1,513.9,345.7
662,1,2325.6,1240.1,487.6,320.0
663,1,2298.9,1229.1,460.8,311.8
664,1,2277.2,1227.5,439.3,286.6
665,1,2256.5,1223.7,411.0,271.1
666,1,2263.6,1222.2,384.2,249.0
667,1,2244.7,1218.4,361.8,241.0
668,1,2229.4,1215.1,344.2,231.3
669,1,2209.3,1215.5,331.5,216.9
