0,0,197.5,110.5,124.1,81.9
1,0,197.7,110.9,124.0,81.8
2,0,198.0,111.0,123.5,81.8
3,0,198.4,110.9,122.7,81.9
4,0,198.6,110.9,122.7,82.0
5,0,198.8,110.9,121.9,82.1
6,0,199.0,110.9,121.8,82.0
7,0,199.2,111.0,122.3,82.2
8,0,199.5,110.9,122.1,82.3
9,0,199.4,111.0,121.9,82.4
10,0,199.4,111.5,122.1,81.9
11,0,199.6,111.6,122.5,82.5
12,0,199.5,111.8,123.0,82.6
13,0,199.6,111.7,122.6,82.5
14,0,199.6,111.9,123.2,82.6
15,0,199.9,111.9,122.3,82.9
16,0,199.9,112.5,122.5,82.7
17,0,200.3,112.8,122.5,82.4
18,0,200.3,113.1,122.5,82.7
19,0,200.3,113.6,122.9,82.8
20,0,200.5,114.0,122.6,82.9
21,0,200.4,114.3,122.6,83.0
22,0,200.4,114.3,122.7,83.4
23,0,200.4,114.7,123.4,83.3
24,0,200.2,115.2,122.6,83.1
25,0,200.3,115.3,122.6,82.9
26,0,200.3,115.4,122.3,83.0
27,0,200.4,115.6,122.7,83.4
28,0,200.5,116.5,122.2,82.8
29,0,200.4,116.9,123.1,82.7
30,0,200.5,117.1,122.2,82.6
31,0,200.6,117.8,122.5,82.0
32,0,200.9,118.1,122.3,81.8
33,0,201.2,118.5,123.2,81.9
34,0,201.5,118.8,122.6,81.7
35,0,201.6,118.4,122.3,82.1
36,0,202.0,118.7,123.1,82.2
37,0,202.4,119.3,123.9,82.0
38,0,202.9,119.5,124.7,82.5
39,0,203.3,119.8,125.5,82.4
40,0,203.6,119.9,123.6,82.5
41,0,203.7,120.1,124.2,82.9
42,0,204.5,120.3,125.0,83.0
43,0,205.1,119.9,123.3,83.4
44,0,206.4,120.6,123.1,83.1
45,0,207.3,120.7,122.8,83.1
46,0,207.7,120.9,121.8,82.9
47,0,208.1,121.5,124.6,82.6
48,0,208.3,121.2,125.0,83.7
49,0,209.3,121.6,125.6,83.8
50,0,209.7,121.7,126.2,84.1
51,0,210.9,121.9,124.3,83.9
52,0,211.5,122.5,124.1,83.6
53,0,212.0,122.8,125.6,83.5
54,0,212.2,123.0,125.9,83.8
55,0,212.7,123.5,126.0,83.8
56,0,212.9,123.9,126.9,83.9
57,0,213.2,124.4,127.1,83.9
58,0,213.6,125.0,126.7,83.8
59,0,214.1,125.2,126.8,83.9
60,0,214.3,125.3,127.0,83.9
61,0,214.5,125.2,127.4,84.1
62,0,214.8,125.5,127.4,84.2
63,0,215.1,126.0,127.6,83.8
64,0,215.4,125.9,127.2,84.3
65,0,215.9,126.3,127.2,84.1
66,0,216.4,126.2,126.7,84.5
67,0,216.6,126.4,126.7,84.3
68,0,216.8,126.5,126.3,84.1
69,0,216.9,126.3,126.9,84.4
70,0,217.1,126.5,127.2,84.4
71,0,217.1,127.1,127.3,84.3
72,0,217.3,127.7,127.1,84.0
73,0,217.3,128.2,127.1,83.8
74,0,217.4,128.1,127.1,84.2
75,0,217.3,127.9,127.2,84.1
76,0,217.3,127.8,127.3,84.2
77,0,217.6,127.9,127.1,84.1
78,0,217.8,128.0,127.4,84.0
79,0,218.0,128.4,127.1,83.6
80,0,218.2,128.4,127.6,83.8
81,0,218.2,128.4,127.6,83.8
82,0,218.3,128.5,127.5,84.2
83,0,218.3,128.3,127.4,83.9
84,0,218.2,128.1,127.3,83.7
85,0,218.4,128.0,127.0,83.3
86,0,218.6,127.8,127.0,83.2
87,0,218.6,127.7,127.0,83.4
88,0,218.8,127.6,126.8,83.3
89,0,218.9,127.2,126.5,83.6
90,0,219.1,126.8,127.0,84.1
91,0,219.2,126.5,126.6,84.4
92,0,219.4,126.3,126.5,84.4
93,0,219.4,126.0,126.3,84.4
94,0,219.5,125.4,126.2,84.6
95,0,219.5,125.0,125.8,84.7
96,0,219.7,124.8,125.9,84.2
97,0,219.9,124.2,126.0,84.4
98,0,220.4,123.8,125.3,84.4
99,0,220.6,123.2,124.7,84.5
100,0,220.7,122.4,125.9,84.6
101,0,220.9,121.9,126.5,84.3
102,0,220.7,121.2,126.2,84.5
103,0,220.7,120.7,126.0,84.4
104,0,220.6,119.6,125.6,85.5
105,0,221.1,119.4,125.6,84.6
106,0,221.2,118.4,125.4,85.0
107,0,221.3,117.8,124.3,85.1
108,0,221.4,117.0,123.5,84.6
109,0,221.5,115.6,123.5,84.8
110,0,221.7,114.8,123.5,84.9
111,0,221.7,114.4,124.0,84.1
112,0,221.9,113.6,124.6,84.6
113,0,221.9,112.9,125.8,85.1
114,0,221.9,112.3,126.9,85.0
115,0,221.8,111.5,126.4,84.9
116,0,221.8,110.9,125.7,84.6
117,0,221.8,110.3,126.0,83.9
118,0,221.8,109.2,126.4,84.2
119,0,222.1,108.3,126.7,84.6
120,0,222.1,107.3,126.1,85.2
121,0,222.2,106.5,124.8,85.3
122,0,222.2,105.5,124.6,85.4
123,0,222.3,104.8,123.0,85.8
124,0,222.3,103.8,124.1,85.8
125,0,222.4,102.9,127.2,85.6
126,0,222.4,102.2,128.2,85.5
127,0,222.5,101.7,128.4,85.3
128,0,222.5,101.2,127.3,84.5
129,0,222.1,100.7,127.1,84.6
130,0,222.0,100.4,126.3,84.7
131,0,222.0,100.2,125.7,84.5
132,0,222.0,99.6,125.9,84.9
133,0,222.0,99.6,124.8,84.3
134,0,222.0,99.7,125.1,83.9
135,0,221.9,99.4,125.0,84.1
136,0,221.6,99.0,125.7,84.5
137,0,221.5,98.6,126.7,85.0
138,0,221.5,98.6,126.7,84.6
139,0,221.5,98.8,127.1,84.5
140,0,221.4,98.8,125.6,84.3
141,0,221.3,98.9,125.8,84.3
142,0,221.2,98.8,126.0,84.3
143,0,220.8,99.0,128.0,84.0
144,0,221.0,99.4,127.4,83.6
145,0,220.8,99.7,127.0,83.2
146,0,220.4,99.7,127.3,84.5
147,0,220.3,100.3,127.3,84.4
148,0,220.2,100.7,127.7,84.3
149,0,220.0,101.2,128.2,84.5
150,0,219.9,101.6,128.2,85.2
151,0,219.8,102.3,128.3,84.9
152,0,219.8,103.0,128.4,84.7
153,0,219.7,104.0,127.5,84.4
154,0,219.9,104.6,126.9,84.4
155,0,219.8,104.9,127.0,84.7
156,0,219.6,105.8,126.6,84.4
157,0,219.5,106.7,126.9,84.5
158,0,219.2,107.2,127.5,84.8
159,0,219.0,108.0,128.1,84.5
160,0,218.9,108.5,128.1,84.1
161,0,218.9,109.0,128.0,84.2
162,0,218.6,109.6,128.4,84.5
163,0,218.5,110.3,128.1,85.3
164,0,218.1,110.8,127.9,86.3
165,0,218.0,111.2,127.2,86.3
166,0,217.9,111.5,127.3,86.5
167,0,217.7,112.2,127.8,86.0
168,0,217.3,113.5,128.4,85.6
169,0,216.6,114.1,128.7,85.6
170,0,215.6,115.2,128.9,85.1
171,0,215.0,116.3,129.4,84.7
172,0,214.6,117.0,129.1,85.5
173,0,214.1,118.1,129.3,85.5
174,0,213.9,118.3,129.0,85.8
175,0,213.6,119.3,128.9,85.7
176,0,213.3,120.0,128.6,85.6
177,0,212.7,120.8,128.6,85.4
178,0,212.2,121.2,128.9,85.5
179,0,211.7,122.4,129.5,85.5
180,0,211.5,124.2,129.3,84.0
181,0,211.3,125.0,129.6,83.9
182,0,210.7,125.2,129.8,84.4
183,0,210.0,126.0,128.8,84.5
184,0,209.4,126.8,129.4,84.5
185,0,209.3,128.2,128.7,83.9
186,0,208.8,128.7,128.6,84.7
187,0,208.4,129.4,128.8,84.5
188,0,208.3,130.3,129.4,84.4
189,0,207.9,131.1,129.0,84.7
190,0,207.5,131.7,128.8,85.5
191,0,207.4,132.0,128.0,86.1
192,0,207.0,132.3,127.6,86.1
193,0,207.2,132.8,127.6,85.6
194,0,207.1,133.8,127.5,85.0
195,0,207.1,135.2,127.9,83.9
196,0,206.9,135.5,127.5,84.3
197,0,206.4,136.7,126.1,83.0
198,0,206.3,137.4,125.4,83.3
199,0,205.9,137.5,125.4,84.0
200,0,204.8,137.8,129.9,84.5
201,0,204.9,138.7,129.6,84.3
202,0,204.6,139.0,129.3,84.8
203,0,204.2,139.6,129.7,84.4
204,0,203.6,140.3,129.5,83.9
205,0,203.5,141.1,128.3,83.5
206,0,203.5,141.6,128.1,83.5
207,0,203.4,141.9,128.8,84.2
208,0,203.3,142.3,128.5,84.3
209,0,203.4,142.5,127.9,84.9
210,0,203.0,142.7,128.0,85.4
211,0,202.9,143.3,128.4,85.4
212,0,202.7,144.9,128.8,84.3
213,0,201.9,145.0,129.5,84.6
214,0,201.6,146.3,129.4,83.7
215,0,201.5,146.8,129.9,83.5
216,0,201.6,147.3,129.0,83.5
217,0,201.6,147.9,128.4,83.1
218,0,201.4,148.4,127.2,82.9
219,0,201.3,148.9,127.5,83.1
220,0,201.1,149.4,128.7,83.3
221,0,201.0,149.9,128.9,83.3
222,0,201.1,150.1,128.7,83.4
223,0,201.4,150.5,127.6,83.6
224,0,201.1,150.6,127.7,83.6
225,0,200.9,151.3,128.2,83.4
226,0,200.6,151.7,128.2,83.5
227,0,200.4,152.0,128.3,83.6
228,0,199.9,152.3,128.8,84.2
229,0,199.8,152.6,128.9,84.8
230,0,199.3,153.1,129.3,84.7
231,0,199.2,153.1,129.4,84.9
232,0,199.0,153.2,129.1,85.0
233,0,199.0,153.2,129.0,85.3
234,0,198.7,153.4,128.1,85.4
235,0,198.7,153.7,127.1,85.4
236,0,198.4,154.0,127.1,85.3
237,0,198.3,154.6,126.8,85.0
238,0,197.9,154.8,126.9,84.9
239,0,197.7,155.1,126.9,84.9
240,0,197.6,155.4,127.1,84.6
241,0,197.3,155.7,127.1,84.4
242,0,197.2,155.6,127.4,84.6
243,0,197.1,155.8,127.0,84.5
244,0,196.9,156.0,127.0,84.4
245,0,196.4,155.9,127.1,84.4
246,0,196.1,156.4,127.7,84.6
247,0,195.2,156.6,128.3,84.4
248,0,194.5,156.3,128.6,85.2
249,0,194.3,156.5,128.3,85.4
250,0,193.8,156.9,128.2,85.1
251,0,193.6,157.1,128.5,85.2
252,0,193.4,157.2,128.4,85.2
253,0,193.4,157.4,128.1,85.1
254,0,193.1,157.3,128.1,85.4
255,0,192.8,157.5,127.8,85.2
256,0,192.6,157.4,127.8,85.3
257,0,192.4,157.3,127.9,85.6
258,0,192.2,157.6,126.4,85.2
259,0,191.7,157.7,126.8,85.1
260,0,191.0,157.6,129.0,85.7
261,0,191.0,157.6,128.7,85.8
262,0,190.9,157.6,128.0,85.8
263,0,190.8,157.6,128.0,85.8
264,0,190.8,158.0,127.5,85.3
265,0,190.8,158.3,127.2,85.0
266,0,190.7,158.5,127.7,85.0
267,0,190.5,158.5,127.0,85.0
268,0,190.1,158.6,126.9,84.8
269,0,190.1,158.6,127.1,84.9
270,0,189.7,158.6,127.0,85.0
271,0,189.6,158.6,127.0,85.1
272,0,189.5,158.5,127.3,85.1
273,0,189.4,158.5,127.7,85.2
274,0,189.3,158.5,128.2,85.2
275,0,189.0,158.2,128.0,85.4
276,0,189.0,158.2,128.4,85.4
277,0,188.9,158.2,128.6,85.4
278,0,188.9,158.3,128.6,85.3
279,0,188.7,158.2,128.8,85.3
280,0,188.8,158.0,127.9,85.5
281,0,188.9,158.2,127.7,84.9
282,0,188.8,158.3,127.0,84.8
283,0,188.8,158.2,127.1,84.9
284,0,188.8,158.2,127.1,85.0
285,0,188.8,158.1,128.2,85.0
286,0,188.7,158.1,128.2,85.0
287,0,188.7,158.1,128.1,85.0
288,0,188.5,158.2,128.3,84.9
289,0,188.3,158.1,128.6,85.1
290,0,188.3,158.0,128.2,85.1
291,0,188.2,158.0,128.3,85.0
292,0,188.1,158.0,128.5,85.1
293,0,187.9,157.8,128.6,85.6
294,0,187.5,158.2,129.6,85.6
295,0,187.4,158.3,129.5,85.8
296,0,187.3,158.8,129.5,85.3
297,0,187.3,159.4,129.2,84.1
298,0,187.4,159.5,129.0,84.0
299,0,187.3,159.7,128.8,84.1
300,0,187.3,160.1,129.5,83.5
301,0,187.1,160.1,129.4,83.4
302,0,187.0,160.4,129.5,83.1
303,0,186.6,160.4,129.8,84.0
304,0,186.4,160.5,130.0,84.0
305,0,186.2,160.6,129.8,83.6
306,0,186.2,160.6,129.8,84.0
307,0,185.9,160.8,130.0,83.7
308,0,186.2,161.3,130.1,82.7
309,0,186.0,161.3,130.3,83.2
310,0,185.6,161.1,130.2,84.0
311,0,185.3,161.1,130.4,83.9
312,0,185.5,161.7,130.5,82.9
313,0,185.0,161.2,130.6,83.9
314,0,184.7,161.0,130.6,84.2
315,0,184.6,161.0,130.7,84.3
316,0,184.4,161.0,130.9,84.2
317,0,184.1,161.0,131.1,84.5
318,0,184.0,161.1,131.0,84.3
319,0,183.9,161.2,131.2,84.2
320,0,183.4,160.8,131.8,84.5
321,0,183.4,161.1,131.8,84.7
322,0,183.6,161.8,131.8,82.9
323,0,183.7,162.4,130.8,83.4
324,0,186.2,163.3,129.4,85.5
325,0,188.8,163.8,128.8,85.4
326,0,191.9,165.5,128.6,84.6
327,0,192.1,166.4,128.5,84.5
328,0,191.9,166.0,128.5,84.7
329,0,191.6,166.4,129.0,84.5
330,0,191.5,166.9,129.6,84.0
331,0,191.5,166.8,129.5,84.2
332,0,191.4,166.9,129.6,84.1
333,0,191.4,167.0,129.5,84.1
334,0,191.3,167.1,129.7,84.1
335,0,190.8,167.2,130.2,84.2
336,0,190.8,167.3,130.3,84.1
337,0,190.8,167.7,130.4,83.7
338,0,190.7,167.7,130.4,84.0
339,0,191.2,168.0,130.1,84.2
340,0,191.8,168.4,130.4,84.1
341,0,191.9,169.0,130.3,83.7
342,0,191.9,168.8,130.4,83.9
343,0,191.9,168.9,130.3,83.9
344,0,191.9,168.9,130.4,83.8
345,0,191.8,169.0,130.3,83.7
346,0,191.7,169.2,130.3,83.4
347,0,191.6,169.2,130.5,83.4
348,0,191.5,169.2,130.6,83.5
349,0,191.5,169.6,130.1,83.4
350,0,191.1,169.6,130.4,83.6
351,0,191.1,169.5,130.3,83.6
352,0,190.6,169.6,130.7,83.6
353,0,190.6,169.6,130.7,83.6
354,0,190.6,169.5,130.7,83.7
355,0,190.6,169.5,130.7,83.8
356,0,190.5,169.5,130.4,83.8
357,0,190.5,169.4,130.4,83.8
358,0,190.7,169.7,130.3,83.6
359,0,190.6,169.6,130.3,84.1
360,0,190.6,169.9,130.2,83.7
361,0,190.4,170.2,130.4,83.5
362,0,190.3,170.2,130.6,83.5
363,0,190.3,170.2,130.2,83.6
364,0,190.1,170.2,130.4,83.7
365,0,189.9,169.7,130.5,84.1
366,0,189.9,169.5,130.9,84.6
367,0,190.4,169.6,130.8,84.6
368,0,190.8,169.8,130.5,85.1
369,0,191.1,169.7,130.8,85.4
370,0,191.2,169.8,131.4,85.7
371,0,191.6,169.7,131.3,85.7
372,0,192.0,169.9,130.8,85.7
373,0,192.3,170.2,130.6,85.5
374,0,192.7,170.2,130.5,85.0
375,0,192.5,170.5,130.4,84.6
376,0,192.4,170.6,130.6,84.6
377,0,192.3,170.3,130.4,84.8
378,0,192.1,170.3,130.4,84.9
379,0,192.1,170.3,130.2,84.8
380,0,191.8,170.1,130.2,85.0
381,0,191.9,170.1,130.2,84.7
382,0,191.9,170.3,129.8,84.4
383,0,191.8,170.3,129.8,84.4
384,0,191.6,170.2,130.0,84.5
385,0,191.5,170.0,130.1,84.8
386,0,191.4,170.1,130.3,84.8
387,0,191.4,170.0,130.2,84.7
388,0,191.2,169.8,130.1,84.6
389,0,191.1,169.8,130.2,84.8
390,0,191.0,169.9,130.2,84.1
391,0,190.9,169.9,130.3,84.2
392,0,191.0,169.9,130.4,84.1
393,0,191.0,169.8,130.4,84.1
394,0,190.6,169.8,130.7,84.1
395,0,190.7,169.9,130.6,83.4
396,0,190.6,169.8,130.7,83.5
397,0,190.3,169.9,131.0,83.2
398,0,190.3,169.6,130.9,83.7
399,0,189.9,169.8,131.1,83.4
400,0,189.6,169.3,131.3,83.8
401,0,189.6,169.5,131.4,83.5
402,0,189.7,169.1,131.3,83.9
403,0,190.1,168.8,130.9,83.8
404,0,190.1,168.7,131.1,83.4
405,0,190.0,168.7,131.2,83.7
406,0,190.0,168.4,131.0,84.0
407,0,190.0,167.9,131.0,85.2
408,0,189.9,167.9,131.1,85.4
409,0,189.7,167.9,131.2,87.0
410,0,189.6,167.8,131.6,85.5
411,0,189.4,167.8,131.9,89.8
412,0,189.1,167.3,131.9,87.2
413,0,189.2,167.3,131.8,87.5
414,0,188.9,167.3,132.1,89.0
415,0,189.4,168.1,130.3,85.2
416,0,189.4,167.6,130.3,84.8
417,0,189.4,167.7,130.0,85.2
418,0,189.7,167.3,129.8,85.4
419,0,189.7,166.6,129.6,87.0
420,0,189.7,166.5,129.9,87.9
421,0,189.7,165.9,130.0,88.2
422,0,189.8,165.7,130.0,87.0
423,0,189.8,165.5,130.0,87.7
424,0,189.9,165.2,130.1,88.9
425,0,189.9,165.5,129.8,93.1
426,0,189.1,164.9,131.1,99.8
427,0,189.3,164.8,131.1,99.3
428,0,189.6,164.4,131.0,95.5
429,0,189.6,164.5,131.2,96.0
430,0,190.2,164.4,131.2,88.6
431,0,190.5,164.1,131.1,93.9
432,0,190.8,164.0,131.4,98.1
433,0,190.9,163.4,131.3,98.9
434,0,191.3,163.0,131.4,99.5
435,0,191.6,163.0,131.9,94.4
436,0,191.8,163.0,131.7,95.5
437,0,192.0,162.8,131.8,91.5
438,0,192.2,162.8,132.1,91.5
439,0,192.4,163.0,132.0,90.0
440,0,192.9,163.0,132.2,90.9
441,0,193.1,163.0,132.0,88.3
442,0,193.2,163.0,131.9,86.0
443,0,195.0,163.3,131.5,86.3
444,0,201.6,163.5,129.9,86.2
445,0,211.2,166.4,126.6,85.9
446,0,222.1,168.6,124.5,88.3
447,0,237.3,172.0,111.3,84.3
448,0,257.5,176.8,109.0,85.0
449,0,278.2,180.5,106.9,86.4
450,0,305.3,185.8,100.1,83.3
451,0,331.1,188.5,100.1,86.2
452,0,366.4,193.5,91.6,84.8
453,0,398.1,194.8,93.1,83.7
465,0,477.8,149.0,119.9,131.1
466,0,484.7,145.7,122.8,128.4
467,0,494.2,144.2,121.3,119.1
477,0,575.6,125.1,112.5,82.4
478,0,575.8,124.9,112.2,83.0
479,0,575.8,125.1,112.4,82.6
480,0,575.5,124.6,113.0,82.4
481,0,575.6,124.8,113.3,82.2
482,0,575.5,124.8,113.4,82.0
483,0,575.5,124.5,112.5,81.9
484,0,575.2,124.5,112.2,81.9
485,0,575.1,124.6,112.2,81.7
486,0,574.8,124.4,112.4,81.8
487,0,574.7,124.6,112.5,81.9
488,0,574.4,125.0,112.6,81.7
489,0,573.9,125.2,112.8,81.3
490,0,573.7,125.0,112.5,81.8
491,0,573.2,124.9,112.8,82.1
492,0,572.6,125.1,113.1,82.3
493,0,571.8,125.4,113.3,82.3
494,0,571.7,125.8,112.9,82.2
495,0,571.1,126.1,113.1,82.1
496,0,570.2,126.9,113.2,81.6
497,0,569.4,127.2,113.2,81.3
498,0,568.8,127.9,113.2,81.5
499,0,568.2,128.7,113.1,81.2
500,0,567.8,129.1,113.0,81.4
501,0,567.3,129.4,113.0,82.1
502,0,566.6,129.8,113.0,82.2
503,0,566.0,130.5,113.1,81.9
504,0,565.6,130.8,112.7,81.6
505,0,565.1,131.3,111.4,81.5
506,0,565.2,131.7,110.4,81.8
507,0,564.7,133.3,110.3,81.2
508,0,564.2,133.8,110.7,81.4
509,0,564.0,134.3,111.3,81.8
510,0,563.8,134.6,111.3,82.3
511,0,563.8,134.8,110.9,82.8
512,0,564.0,135.2,110.5,82.6
513,0,563.7,135.9,110.5,82.1
514,0,563.6,136.0,110.4,82.4
515,0,563.8,136.3,110.2,82.6
516,0,563.7,136.7,110.1,82.5
517,0,563.5,137.7,110.0,82.1
518,0,563.4,138.5,110.2,81.8
519,0,563.3,139.0,110.5,81.9
520,0,563.7,139.6,110.4,81.8
521,0,563.9,139.8,111.0,81.7
522,0,564.2,139.9,110.9,81.6
523,0,564.4,140.0,111.0,81.4
524,0,565.0,140.2,110.9,81.3
525,0,565.6,140.1,110.4,81.3
526,0,566.4,140.2,109.9,81.3
527,0,566.9,140.0,109.3,81.6
528,0,567.6,140.1,109.1,81.7
529,0,567.7,140.0,109.9,82.1
530,0,567.7,140.1,111.4,81.9
531,0,568.1,140.2,112.1,81.8
532,0,568.4,140.0,112.2,81.9
533,0,568.7,139.9,112.3,81.8
534,0,569.0,139.9,112.4,81.7
535,0,569.4,139.7,112.1,81.7
536,0,570.4,139.8,111.9,81.6
537,0,571.1,139.8,111.7,81.4
538,0,571.8,139.5,111.2,81.2
539,0,572.4,139.5,111.4,81.3
540,0,573.3,139.4,111.4,81.4
541,0,573.8,139.1,111.5,81.7
542,0,574.4,138.3,111.4,82.1
543,0,575.0,138.1,111.3,82.3
544,0,575.7,138.0,111.1,82.0
545,0,576.4,137.6,111.2,81.8
546,0,577.1,137.2,111.3,81.6
547,0,577.8,136.9,111.9,81.8
548,0,578.6,136.5,111.8,82.0
549,0,579.2,136.3,111.8,82.1
550,0,579.1,136.3,112.9,81.8
551,0,580.3,136.0,112.2,81.8
552,0,581.3,135.6,111.8,81.8
553,0,581.9,135.3,112.1,81.9
554,0,582.9,135.2,111.6,81.8
555,0,583.6,135.1,111.6,81.8
556,0,584.2,135.0,111.7,81.5
557,0,584.8,134.6,111.8,81.5
558,0,585.6,134.2,111.6,81.5
559,0,586.2,133.9,111.6,81.1
560,0,586.6,133.6,112.4,81.1
561,0,587.5,133.6,112.1,80.7
562,0,588.3,133.6,112.1,80.3
563,0,588.7,133.1,112.1,80.6
564,0,589.4,132.1,112.1,81.3
565,0,589.9,131.5,112.0,81.3
566,0,590.4,131.4,112.1,81.4
567,0,591.1,131.3,111.7,81.3
568,0,592.0,131.1,111.5,81.6
569,0,592.7,130.7,111.6,81.7
570,0,593.2,130.1,111.8,82.5
571,0,593.7,130.4,111.7,82.0
572,0,594.2,130.3,111.8,81.8
573,0,594.5,129.8,112.1,81.6
574,0,595.2,129.3,112.0,81.7
575,0,595.9,129.0,111.6,82.1
576,0,596.1,129.0,111.5,81.7
577,0,596.4,128.8,111.4,81.4
578,0,596.7,128.2,111.5,81.6
579,0,596.9,128.1,112.0,81.6
580,0,597.1,127.6,112.1,81.4
581,0,597.4,126.9,112.2,81.9
582,0,597.6,126.4,112.5,82.3
583,0,597.8,126.1,112.8,82.3
584,0,598.0,125.8,113.3,82.4
585,0,598.3,125.7,113.6,82.1
586,0,598.5,125.1,113.1,81.8
587,0,598.7,124.8,113.2,81.6
588,0,599.0,124.7,113.1,81.3
589,0,599.2,123.7,112.9,81.8
590,0,599.3,122.9,112.9,82.4
591,0,599.5,122.3,112.0,82.3
592,0,599.7,122.3,111.8,81.6
593,0,599.5,121.6,112.6,82.1
594,0,599.7,121.3,113.0,81.4
595,0,599.9,121.0,112.7,81.4
596,0,600.1,119.7,112.6,82.1
597,0,600.2,119.1,112.8,82.1
0,1,460.9,201.1,153.6,96.4
1,1,461.0,201.3,153.5,96.1
2,1,461.7,201.3,153.2,96.7
3,1,462.2,201.0,152.4,96.6
4,1,462.6,201.2,152.3,96.5
5,1,463.1,201.2,152.2,96.9
6,1,463.3,201.1,152.5,96.4
7,1,463.3,200.4,152.8,97.1
8,1,463.4,200.1,152.9,97.0
9,1,463.5,200.2,152.9,97.0
10,1,463.5,199.9,153.1,97.1
11,1,463.7,199.9,152.9,97.1
12,1,463.7,199.9,153.1,97.1
13,1,463.8,199.9,153.0,96.9
14,1,463.8,199.8,152.9,97.2
15,1,463.7,199.4,152.9,97.5
16,1,463.7,199.5,153.0,97.4
17,1,463.7,199.3,153.0,97.6
18,1,463.8,199.8,152.8,97.5
19,1,464.0,200.0,152.7,98.0
20,1,464.0,200.5,153.3,97.7
21,1,464.0,200.5,153.2,98.0
22,1,464.0,200.6,153.1,98.5
23,1,464.0,200.5,153.2,98.4
24,1,464.1,200.1,153.1,99.2
25,1,464.0,199.8,153.2,99.0
26,1,464.1,199.5,153.1,99.3
27,1,464.3,200.1,153.2,99.2
28,1,464.3,200.8,153.5,99.0
29,1,464.3,200.6,153.4,99.6
30,1,465.1,199.9,152.5,100.0
31,1,464.4,200.4,153.6,100.3
32,1,464.5,200.8,153.6,100.1
33,1,464.5,200.5,153.8,100.5
34,1,465.1,200.4,153.8,100.2
35,1,465.5,200.3,154.5,100.6
36,1,466.4,200.8,154.9,100.0
37,1,467.6,200.9,155.0,100.7
38,1,468.5,201.3,154.9,100.7
39,1,469.2,201.6,155.1,101.2
40,1,469.6,202.0,155.4,99.5
41,1,470.8,202.9,154.6,99.7
42,1,471.9,204.5,154.2,99.4
43,1,472.4,204.0,154.9,99.7
44,1,472.9,202.8,155.4,101.9
45,1,473.8,205.2,155.2,99.5
46,1,474.5,205.7,155.7,99.4
47,1,475.3,205.3,156.3,100.5
48,1,476.5,203.5,156.4,102.4
49,1,477.4,203.3,156.2,103.4
50,1,477.9,201.9,156.5,105.1
51,1,478.5,204.6,156.3,102.5
52,1,478.8,205.2,156.9,102.3
53,1,479.6,206.1,156.1,101.1
54,1,480.6,206.2,155.4,101.1
55,1,481.1,206.5,155.4,101.4
56,1,481.6,206.8,155.6,101.7
57,1,482.4,207.7,155.2,100.9
58,1,483.0,207.6,155.3,101.1
59,1,483.4,207.9,155.6,101.0
60,1,483.9,208.0,155.4,101.1
61,1,484.3,208.3,155.5,101.0
62,1,484.3,208.1,155.9,101.6
63,1,484.5,208.4,156.0,102.2
64,1,484.3,209.2,156.2,101.5
65,1,485.0,208.3,156.0,102.6
66,1,484.9,210.2,156.0,100.2
67,1,484.9,209.4,156.4,101.4
68,1,484.9,210.0,156.8,100.3
69,1,485.0,209.3,156.5,101.1
70,1,484.9,209.6,157.1,100.7
71,1,484.9,210.5,157.1,100.0
72,1,485.1,210.9,156.8,99.9
73,1,485.1,211.3,156.7,100.2
74,1,485.2,211.4,156.5,100.4
75,1,485.3,211.0,156.9,100.1
76,1,485.3,211.3,156.8,99.8
77,1,485.5,211.3,156.8,99.4
78,1,485.9,212.2,157.1,98.6
79,1,486.0,212.1,157.2,98.7
80,1,485.8,209.5,157.4,101.3
81,1,485.8,209.4,157.4,101.3
82,1,485.9,209.9,157.4,100.9
83,1,485.9,209.9,157.4,100.8
84,1,485.8,209.8,157.5,100.4
85,1,486.0,210.5,157.6,100.0
86,1,486.2,210.6,157.7,99.5
87,1,486.6,210.5,157.6,99.4
88,1,486.7,210.5,157.7,99.6
89,1,487.1,210.9,157.3,98.8
90,1,487.3,209.0,157.3,100.8
91,1,487.3,209.3,157.5,100.3
92,1,487.2,209.6,157.7,100.0
93,1,487.7,210.1,157.4,99.4
94,1,488.5,209.1,156.8,100.2
95,1,488.8,208.2,156.6,100.9
96,1,488.6,207.7,156.7,100.7
97,1,488.8,207.8,157.0,100.1
98,1,488.9,207.7,157.3,99.9
99,1,489.0,207.8,157.7,99.4
100,1,489.3,205.8,157.2,101.2
101,1,489.7,203.4,156.9,103.4
102,1,488.9,202.2,157.9,104.0
103,1,489.2,202.6,157.4,102.4
104,1,489.2,201.5,157.4,102.9
105,1,489.7,201.4,157.2,102.5
106,1,489.5,199.5,157.7,103.5
107,1,490.0,198.9,157.2,102.7
108,1,490.2,197.9,156.9,102.1
109,1,491.2,197.1,156.1,101.9
110,1,491.7,197.7,155.6,100.3
111,1,491.3,195.9,156.3,101.5
112,1,491.5,196.1,156.4,100.8
113,1,491.7,196.3,156.6,99.4
114,1,491.4,195.3,157.2,99.9
115,1,492.0,194.5,156.7,99.9
116,1,492.2,193.8,156.4,99.5
117,1,492.5,191.8,156.6,100.9
118,1,493.2,190.9,156.4,100.0
119,1,493.0,189.2,157.1,100.6
120,1,493.3,187.2,157.1,102.9
121,1,493.5,187.8,157.0,101.0
122,1,493.6,187.0,157.0,101.1
123,1,493.7,187.0,157.0,100.3
124,1,493.7,186.0,157.6,100.6
125,1,493.9,185.1,157.3,100.9
126,1,493.7,184.8,157.5,101.0
127,1,493.6,183.6,157.4,101.4
128,1,493.4,182.2,157.6,101.7
129,1,493.5,180.1,157.0,101.8
130,1,493.7,179.5,157.1,102.1
131,1,493.8,179.4,156.6,101.1
132,1,493.8,179.1,156.3,100.7
133,1,493.5,177.7,156.4,102.3
134,1,493.7,178.1,156.2,101.7
135,1,493.6,177.9,155.8,101.1
136,1,493.5,177.4,155.6,100.8
137,1,493.6,177.0,155.5,100.9
138,1,493.7,177.2,155.5,100.6
139,1,493.6,177.0,155.3,100.7
140,1,493.6,177.0,155.2,100.7
141,1,493.6,177.0,155.2,100.9
142,1,493.6,176.5,155.2,101.5
143,1,493.6,176.4,155.0,101.6
144,1,493.7,176.3,154.8,101.2
145,1,493.1,176.6,155.1,101.4
146,1,492.4,177.1,155.5,101.9
147,1,492.0,177.1,155.5,102.7
148,1,491.4,176.9,156.0,103.1
149,1,491.0,176.8,156.2,103.5
150,1,490.6,178.9,156.2,101.9
151,1,490.5,179.0,156.6,103.2
152,1,490.9,180.1,156.3,103.2
153,1,490.7,180.2,156.7,103.6
154,1,490.5,181.4,156.7,102.8
155,1,489.7,182.8,157.6,102.1
156,1,489.7,182.3,157.1,103.4
157,1,489.5,183.6,157.3,102.3
158,1,490.5,185.3,156.4,101.0
159,1,490.2,185.6,156.5,101.2
160,1,489.9,185.9,156.5,101.4
161,1,489.7,186.2,156.5,101.5
162,1,489.3,186.0,156.4,102.5
163,1,489.0,186.5,156.6,102.4
164,1,488.7,186.6,156.6,102.3
165,1,488.2,187.6,157.0,102.5
166,1,487.9,189.8,157.3,101.1
167,1,487.7,189.8,157.4,101.9
168,1,487.4,190.7,157.2,101.8
169,1,486.7,191.3,157.7,102.4
170,1,486.4,193.6,157.5,101.3
171,1,486.0,194.9,157.2,100.8
172,1,485.5,195.8,157.3,100.2
173,1,485.5,195.8,156.6,100.8
174,1,485.3,196.2,156.0,101.3
175,1,484.8,196.7,155.5,101.9
176,1,484.6,196.1,155.2,103.4
177,1,485.0,194.5,154.2,105.1
178,1,484.6,195.2,154.0,104.9
179,1,484.4,195.8,153.8,105.1
180,1,483.7,198.0,154.3,104.2
181,1,483.2,199.9,154.4,102.8
182,1,482.4,201.7,155.1,102.6
183,1,481.8,202.8,155.2,102.9
184,1,481.5,203.5,155.0,103.0
185,1,480.7,204.4,155.6,102.7
186,1,480.8,204.6,155.6,102.6
187,1,481.0,206.4,154.8,102.0
188,1,480.0,206.3,155.5,103.4
189,1,479.1,206.0,156.2,103.9
190,1,478.9,205.8,156.1,103.9
191,1,478.7,206.4,156.0,103.9
192,1,478.0,207.7,156.5,103.2
193,1,478.3,209.0,156.0,102.7
194,1,477.6,210.5,156.7,101.7
195,1,477.4,213.3,156.7,100.4
196,1,477.3,214.5,156.8,99.2
197,1,476.9,215.4,157.0,98.1
198,1,476.9,215.0,156.8,99.8
199,1,476.8,215.9,156.7,99.6
200,1,476.3,216.9,157.0,99.8
201,1,475.7,217.0,157.2,100.2
202,1,476.0,217.3,156.7,100.7
203,1,475.8,217.4,156.6,100.7
204,1,475.6,217.2,156.4,101.4
205,1,475.2,217.8,156.9,101.5
206,1,474.6,218.2,157.1,101.7
207,1,474.1,218.3,157.1,101.8
208,1,473.9,218.1,156.9,102.6
209,1,473.7,218.8,156.8,102.3
210,1,474.1,219.2,156.4,103.2
211,1,473.9,220.2,156.6,102.4
212,1,474.1,220.9,155.7,102.4
213,1,473.8,221.6,155.6,102.0
214,1,473.3,223.0,156.0,101.3
215,1,473.2,224.7,155.6,100.1
216,1,473.1,226.1,155.6,99.7
217,1,473.1,226.1,155.5,100.6
218,1,473.3,226.2,155.1,100.9
219,1,472.9,226.5,155.6,101.0
220,1,472.3,226.9,155.9,100.6
221,1,472.3,227.4,155.7,100.3
222,1,472.2,227.7,155.9,100.3
223,1,472.1,227.5,155.8,100.8
224,1,472.2,227.0,155.3,101.8
225,1,472.1,227.2,155.2,101.9
226,1,471.7,227.6,155.2,102.2
227,1,471.5,228.1,155.4,101.8
228,1,471.4,229.0,155.4,101.6
229,1,471.7,230.0,154.9,100.5
230,1,471.2,229.6,155.0,101.2
231,1,470.7,229.8,155.1,101.2
232,1,470.2,230.4,155.4,101.0
233,1,469.7,230.9,155.6,100.4
234,1,469.2,231.3,155.7,99.6
235,1,469.0,231.5,155.6,100.5
236,1,468.8,231.2,155.6,101.3
237,1,468.6,232.3,155.7,100.6
238,1,468.4,233.5,155.8,99.7
239,1,468.0,233.8,155.9,99.8
240,1,467.2,233.5,156.8,100.3
241,1,467.2,234.1,156.5,99.3
242,1,466.9,233.9,156.7,99.7
243,1,466.6,234.2,156.7,99.8
244,1,466.2,233.6,156.9,100.4
245,1,465.8,234.5,157.1,99.6
246,1,465.5,235.0,157.0,98.9
247,1,465.0,235.0,156.3,99.9
248,1,465.0,235.2,155.8,99.8
249,1,464.8,235.5,155.8,99.4
250,1,464.6,235.4,155.6,99.7
251,1,464.3,235.6,155.9,99.8
252,1,465.0,236.3,154.2,100.1
253,1,464.9,236.5,154.1,100.0
254,1,464.7,236.6,154.1,100.2
255,1,464.6,236.3,154.2,100.3
256,1,464.4,236.6,154.3,100.2
257,1,464.0,235.8,154.5,101.2
258,1,463.8,235.6,154.2,101.5
259,1,463.5,235.8,154.3,101.7
260,1,463.0,235.7,154.6,101.8
261,1,463.0,235.5,154.5,102.0
262,1,462.8,235.1,154.7,102.3
263,1,462.5,234.8,154.7,102.8
264,1,462.5,234.7,154.6,103.0
265,1,462.3,234.5,154.8,103.3
266,1,462.4,234.8,154.5,103.0
267,1,462.1,235.3,154.5,102.8
268,1,462.1,234.9,154.4,103.1
269,1,462.1,234.8,154.6,103.1
270,1,461.4,234.4,155.1,103.1
271,1,461.4,234.4,155.1,103.1
272,1,461.5,234.8,155.1,102.7
273,1,461.4,234.9,155.0,102.6
274,1,461.4,235.4,154.8,102.0
275,1,461.0,235.6,155.3,101.7
276,1,460.9,235.5,155.3,101.9
277,1,461.0,235.6,155.3,101.7
278,1,460.9,235.6,155.4,101.2
279,1,461.0,235.3,155.3,101.4
280,1,460.9,235.1,155.2,101.4
281,1,460.6,235.1,155.5,101.3
282,1,460.6,235.4,155.2,101.1
283,1,460.6,235.3,155.2,101.1
284,1,460.7,234.9,155.2,101.6
285,1,461.1,234.6,155.0,101.9
286,1,461.1,234.6,155.0,101.8
287,1,461.1,234.1,154.7,102.1
288,1,460.9,234.3,154.9,102.1
289,1,460.9,234.4,154.7,101.9
290,1,460.5,234.2,155.1,102.2
291,1,460.5,234.4,155.2,102.1
292,1,460.5,234.5,155.0,102.1
293,1,460.2,234.4,155.2,101.6
294,1,459.9,234.6,155.3,101.6
295,1,460.0,234.3,155.1,102.0
296,1,460.0,234.6,155.1,102.3
297,1,459.7,234.2,155.5,102.2
298,1,459.7,234.2,155.3,102.0
299,1,459.3,234.2,155.7,101.9
300,1,459.0,233.5,156.3,102.3
301,1,458.9,233.8,156.1,102.0
302,1,458.9,234.1,156.1,101.6
303,1,458.6,234.2,156.3,101.5
304,1,458.6,234.2,156.3,101.6
305,1,458.2,234.4,156.5,101.1
306,1,458.3,234.4,156.4,101.2
307,1,457.9,235.0,156.6,100.6
308,1,457.9,234.9,156.5,100.7
309,1,457.8,234.9,156.5,100.7
310,1,457.5,235.0,156.5,100.7
311,1,457.3,235.0,156.4,100.8
312,1,457.3,235.1,156.3,100.8
313,1,457.2,235.3,156.3,101.0
314,1,457.1,235.3,156.2,101.2
315,1,457.1,235.5,156.0,100.9
316,1,456.9,235.6,156.1,101.0
317,1,456.9,235.7,156.0,100.8
318,1,457.0,235.7,156.0,100.8
319,1,457.0,235.7,156.0,100.8
320,1,456.5,235.7,156.3,100.6
321,1,456.5,235.6,156.3,100.6
322,1,456.3,235.8,156.3,100.6
323,1,456.2,235.9,156.4,100.5
324,1,456.1,236.0,156.4,100.6
325,1,456.2,235.8,156.2,99.8
326,1,456.2,235.8,156.2,99.8
327,1,456.3,235.6,155.9,100.0
328,1,456.4,235.8,155.7,99.9
329,1,456.4,235.8,155.7,99.9
330,1,456.0,235.6,155.7,100.3
331,1,456.1,235.7,155.7,100.3
332,1,455.7,236.0,156.0,100.1
333,1,455.6,236.1,156.1,100.1
334,1,455.4,236.2,156.3,100.0
335,1,455.7,236.2,155.9,99.9
336,1,455.7,236.0,156.0,100.2
337,1,455.8,236.0,155.7,100.1
338,1,455.5,236.3,155.7,99.9
339,1,455.4,236.1,155.8,100.2
340,1,455.6,235.8,155.5,100.7
341,1,455.2,236.0,155.8,100.4
342,1,455.2,235.9,155.8,100.5
343,1,454.8,236.0,156.3,100.3
344,1,454.9,236.0,156.2,100.4
345,1,454.9,235.7,156.3,100.9
346,1,455.0,235.7,156.1,100.6
347,1,455.1,235.5,156.0,101.0
348,1,454.9,235.7,156.0,100.7
349,1,454.9,235.7,155.9,100.4
350,1,454.8,235.8,155.9,100.3
351,1,454.8,235.9,155.6,100.1
352,1,454.5,235.9,155.5,100.3
353,1,454.4,235.9,155.5,100.2
354,1,454.7,235.8,155.3,100.1
355,1,454.5,235.8,155.4,100.2
356,1,454.2,235.9,155.7,100.2
357,1,454.1,236.1,155.8,100.0
358,1,454.2,236.1,155.6,100.0
359,1,454.3,236.1,155.4,100.1
360,1,454.2,235.7,155.6,100.6
361,1,454.0,235.9,155.6,100.5
362,1,454.1,235.9,155.1,100.6
363,1,453.8,235.8,155.3,100.6
364,1,453.8,235.8,155.3,100.9
365,1,453.7,235.4,155.3,100.9
366,1,453.6,235.0,155.2,101.3
367,1,453.3,235.0,155.5,101.1
368,1,453.3,235.1,155.5,100.9
369,1,453.3,235.1,155.5,101.0
370,1,452.9,235.0,155.6,101.1
371,1,452.9,234.9,155.5,101.3
372,1,452.8,234.9,155.6,101.1
373,1,452.7,234.6,155.7,102.0
374,1,452.7,234.3,155.4,104.8
375,1,452.8,234.0,155.3,101.9
376,1,452.5,233.9,155.4,102.5
377,1,452.3,233.7,155.4,101.8
378,1,452.3,233.6,155.1,102.2
379,1,452.4,232.7,155.0,102.8
380,1,452.4,233.1,154.9,102.1
381,1,452.1,232.7,154.8,102.3
382,1,451.7,233.5,155.2,101.3
383,1,451.3,233.0,155.5,101.9
384,1,451.3,233.0,155.3,103.2
385,1,451.1,233.0,155.4,105.2
386,1,451.1,233.1,155.4,105.6
387,1,450.8,232.8,155.4,108.2
388,1,450.8,232.1,155.0,104.8
389,1,451.0,231.5,154.7,103.7
390,1,451.3,231.8,154.4,102.4
391,1,450.6,230.9,155.0,104.6
392,1,450.6,231.0,154.9,104.5
393,1,450.6,230.9,154.9,104.8
394,1,450.5,231.1,154.7,105.0
395,1,450.9,231.4,153.9,102.8
396,1,450.0,231.4,154.6,103.9
397,1,449.7,231.3,154.7,104.1
398,1,449.6,231.5,154.6,104.0
399,1,450.3,231.3,154.1,103.0
400,1,450.3,231.3,153.9,102.7
401,1,450.3,231.1,153.9,102.3
402,1,450.2,230.9,153.8,102.3
403,1,450.2,230.3,153.8,102.6
404,1,450.0,230.7,154.0,102.4
405,1,450.0,230.2,153.9,102.9
406,1,449.7,229.7,154.2,103.5
407,1,449.7,229.4,154.2,104.0
408,1,449.3,229.3,154.5,103.8
409,1,449.4,229.1,154.5,103.6
410,1,448.9,229.0,154.7,103.3
411,1,448.7,229.2,154.7,103.4
412,1,448.7,229.2,154.8,103.3
413,1,448.4,229.2,154.6,103.3
414,1,448.0,228.9,154.8,103.4
415,1,447.9,228.9,154.9,102.7
416,1,447.9,228.6,154.9,103.2
417,1,448.1,228.7,154.6,102.6
418,1,448.0,228.5,154.7,103.1
419,1,447.9,228.4,154.8,102.8
420,1,447.6,228.0,155.0,102.5
421,1,447.5,228.0,155.0,102.4
422,1,447.8,227.8,154.7,102.3
423,1,447.9,227.9,154.7,102.6
424,1,448.2,228.0,154.4,102.3
425,1,448.7,227.4,154.5,102.8
426,1,448.5,227.6,154.1,102.3
427,1,448.8,227.1,154.4,103.1
428,1,448.8,226.8,154.5,103.3
429,1,449.1,226.7,154.3,103.3
430,1,449.2,226.2,154.5,102.8
431,1,449.7,226.5,154.2,102.5
432,1,450.1,226.3,154.0,102.5
433,1,450.4,226.8,153.9,101.9
434,1,450.8,226.5,153.7,102.3
435,1,451.0,226.3,153.7,102.1
436,1,451.2,226.7,153.8,101.8
437,1,451.3,226.6,153.9,102.3
438,1,451.3,226.8,154.1,102.1
439,1,451.6,226.7,154.1,102.2
440,1,451.9,226.7,153.9,102.1
441,1,451.9,226.8,154.1,102.0
442,1,452.1,226.8,154.1,102.0
443,1,452.3,227.0,154.0,101.9
444,1,452.4,226.9,154.3,101.8
445,1,452.5,226.9,154.5,101.2
446,1,452.5,226.7,154.7,101.6
447,1,452.6,226.7,154.7,101.7
448,1,452.9,226.9,154.3,101.9
449,1,453.5,227.1,153.9,101.9
450,1,453.9,227.2,154.7,100.9
451,1,454.4,227.5,154.5,100.8
452,1,454.5,227.6,154.8,100.6
453,1,455.5,227.4,154.3,100.7
454,1,467.3,227.0,142.9,101.3
455,1,451.0,190.4,160.2,138.9
456,1,456.1,184.7,155.1,156.7
457,1,462.3,179.2,145.4,155.0
458,1,467.7,177.5,139.1,159.6
459,1,469.7,177.1,132.3,159.0
460,1,472.3,177.9,140.4,159.5
461,1,475.6,173.1,145.7,143.7
462,1,476.8,168.2,150.4,146.2
463,1,475.3,165.2,158.8,131.7
467,1,494.6,141.4,169.5,120.2
468,1,508.4,133.1,161.9,118.5
469,1,520.6,132.6,126.9,113.0
470,1,536.9,130.8,146.9,103.2
471,1,550.5,125.4,145.4,101.3
472,1,560.1,118.3,147.7,102.2
473,1,570.2,114.0,152.3,100.1
474,1,575.0,109.8,118.7,98.4
475,1,577.4,98.8,164.8,110.5
