1,0,510.9,432.2,219.8,145.8
2,0,507.6,433.5,222.6,141.4
4,0,507.1,432.1,223.1,141.4
5,0,506.5,431.4,223.0,141.9
6,0,506.3,431.3,222.8,142.1
7,0,505.1,430.9,224.3,141.9
8,0,505.8,430.4,224.2,142.9
9,0,501.6,430.3,226.9,143.4
10,0,502.4,430.5,226.3,143.4
11,0,499.5,429.6,227.9,143.5
12,0,499.8,429.5,227.5,143.9
13,0,497.8,429.4,229.2,143.5
14,0,498.1,429.0,229.0,143.7
15,0,495.1,429.0,231.0,143.5
16,0,495.1,429.0,230.9,143.5
17,0,492.5,428.7,231.8,143.8
18,0,492.5,428.7,231.8,143.8
19,0,492.5,428.7,231.8,143.8
20,0,492.5,428.7,231.8,143.8
21,0,504.7,428.6,216.9,143.7
22,0,497.3,428.6,224.2,143.9
23,0,485.5,428.0,235.0,144.4
24,0,485.5,427.9,235.0,144.4
25,0,519.3,428.8,200.3,143.5
26,0,517.6,428.7,202.0,143.5
27,0,531.1,428.4,187.6,142.9
28,0,531.1,428.4,187.6,142.9
29,0,529.2,427.9,189.0,141.1
30,0,528.7,427.3,189.4,141.6
31,0,529.6,426.8,187.8,141.4
32,0,530.5,426.8,186.8,141.4
33,0,498.6,425.9,218.1,141.8
34,0,505.3,425.7,211.3,142.0
35,0,520.6,425.6,195.3,142.5
36,0,520.6,425.6,195.3,142.5
37,0,491.9,425.3,223.4,142.6
38,0,491.1,425.1,224.7,143.0
39,0,492.1,424.7,221.2,143.1
40,0,492.1,424.8,221.2,143.1
41,0,484.2,424.9,228.9,142.7
42,0,484.2,424.9,228.9,142.7
43,0,483.5,424.9,229.4,142.6
44,0,483.5,424.8,229.5,142.7
45,0,481.8,424.6,230.7,142.8
46,0,481.8,424.6,230.7,142.8
47,0,481.0,425.1,230.0,142.3
48,0,481.0,425.1,230.0,142.3
49,0,481.8,425.2,228.7,142.2
50,0,481.8,425.2,228.7,142.2
51,0,481.5,425.3,228.9,142.0
52,0,481.3,425.3,229.1,142.0
53,0,481.3,425.5,228.9,141.2
54,0,481.3,425.5,228.9,141.2
55,0,482.1,424.9,228.9,142.8
56,0,482.1,424.9,228.9,142.8
57,0,482.1,424.9,228.9,142.8
58,0,482.1,424.9,228.9,142.8
59,0,482.2,424.4,228.8,143.6
60,0,482.2,424.3,228.9,143.6
61,0,482.2,424.3,229.0,143.8
62,0,482.2,424.2,229.0,143.8
63,0,482.0,424.1,229.2,144.0
64,0,481.9,424.1,229.4,144.0
65,0,481.8,424.2,228.9,144.2
66,0,481.8,424.2,228.9,144.2
67,0,481.7,424.2,228.9,144.2
68,0,481.7,424.2,228.9,144.2
69,0,481.7,424.0,228.7,144.4
70,0,481.7,424.0,228.7,144.4
71,0,482.1,423.7,228.3,144.0
72,0,482.1,423.6,228.4,144.1
73,0,482.2,423.3,228.2,143.3
74,0,482.3,423.2,228.2,143.3
75,0,482.3,423.2,228.2,143.4
76,0,482.3,423.2,228.2,143.4
77,0,482.4,423.1,228.0,143.5
78,0,482.4,423.1,228.0,143.5
79,0,482.5,423.1,228.1,143.5
80,0,482.4,423.1,228.1,143.6
81,0,483.0,423.1,227.4,143.7
82,0,483.0,423.1,227.4,143.7
83,0,483.0,423.2,227.5,143.5
84,0,483.1,423.2,227.4,143.4
85,0,483.1,423.2,227.6,143.6
86,0,483.1,423.2,227.6,143.6
87,0,483.1,423.2,228.0,143.5
88,0,483.1,423.3,227.9,143.6
89,0,483.9,423.3,227.5,142.9
90,0,483.8,423.3,227.6,143.0
91,0,484.5,423.1,227.4,142.6
92,0,484.5,423.1,227.4,142.6
93,0,484.4,423.0,228.0,142.6
94,0,484.4,423.0,228.1,142.7
95,0,484.4,423.0,228.0,142.7
96,0,484.4,423.0,228.0,142.7
97,0,484.5,422.8,228.6,142.9
98,0,484.4,422.8,228.7,142.9
99,0,484.6,422.7,228.6,143.1
100,0,484.6,422.7,228.6,143.1
101,0,484.5,422.7,228.4,143.0
102,0,484.5,422.7,228.4,143.0
103,0,485.2,422.8,227.9,142.8
104,0,485.2,422.8,227.8,142.8
105,0,485.2,423.2,228.0,142.5
106,0,485.1,423.2,228.1,142.4
107,0,485.3,423.1,228.3,142.0
108,0,485.1,423.2,228.5,141.9
109,0,485.8,423.1,227.9,141.9
110,0,485.8,423.1,227.9,141.9
111,0,486.6,423.6,227.1,141.3
112,0,486.5,423.5,227.1,141.3
113,0,486.3,423.3,228.0,141.8
114,0,486.1,423.2,228.1,141.9
115,0,485.3,422.6,230.4,142.3
116,0,485.3,422.6,230.4,142.3
117,0,485.7,422.5,230.3,142.3
118,0,485.7,422.5,230.3,142.3
119,0,485.6,422.5,230.6,142.1
120,0,485.6,422.5,230.6,142.1
121,0,486.2,422.4,230.0,142.1
122,0,486.2,422.4,230.0,142.1
123,0,486.9,423.2,228.5,141.1
124,0,486.9,423.2,228.5,141.1
125,0,487.2,423.5,228.3,141.4
126,0,486.9,423.4,228.6,141.5
127,0,487.6,423.5,228.5,141.3
128,0,487.6,423.0,229.2,142.2
129,0,488.4,423.0,228.9,142.0
130,0,488.4,423.0,228.9,142.0
131,0,488.4,423.0,228.9,142.0
132,0,488.3,422.9,228.9,142.0
133,0,489.1,422.6,228.2,141.8
134,0,489.1,422.7,228.2,141.7
135,0,489.3,422.4,228.4,142.0
136,0,489.1,422.6,228.6,141.9
137,0,489.7,422.3,228.7,141.7
138,0,489.6,422.3,228.8,141.7
139,0,490.5,422.2,228.1,141.8
140,0,490.5,422.2,228.1,141.8
141,0,491.9,422.6,226.2,141.0
142,0,491.9,422.6,226.2,141.0
143,0,491.9,422.9,226.7,140.4
144,0,492.0,422.7,226.6,140.5
145,0,492.5,422.5,226.7,140.9
146,0,492.0,422.6,227.2,140.8
147,0,493.0,422.6,226.6,140.9
148,0,493.1,422.5,226.5,140.9
149,0,493.8,422.4,226.3,141.3
150,0,493.8,422.4,226.3,141.2
151,0,494.7,422.4,226.0,140.8
152,0,494.7,422.4,226.0,140.7
153,0,495.5,422.4,225.7,140.7
154,0,495.5,422.4,225.5,140.8
155,0,496.8,422.4,225.0,140.7
156,0,496.8,422.4,225.0,140.7
157,0,497.0,422.4,225.1,140.4
158,0,497.4,422.3,224.8,140.3
159,0,497.3,422.2,225.0,140.4
160,0,497.3,422.2,225.0,140.4
161,0,499.3,422.0,223.9,140.1
162,0,499.2,422.0,224.1,140.3
163,0,500.0,421.6,225.0,140.5
164,0,500.3,421.6,224.7,140.6
165,0,500.2,421.5,225.0,140.7
166,0,500.4,421.5,225.1,140.5
167,0,500.1,421.5,225.5,140.5
168,0,500.0,421.5,225.5,140.5
169,0,500.1,421.5,225.9,140.5
170,0,499.8,421.3,226.2,140.7
171,0,500.5,421.5,226.0,140.3
172,0,500.3,421.4,226.0,140.3
173,0,500.7,421.3,226.4,140.4
174,0,500.7,421.3,226.4,140.4
175,0,500.1,421.3,227.7,140.3
176,0,500.1,421.3,227.7,140.3
177,0,503.9,421.2,224.5,140.4
178,0,503.9,421.2,224.5,140.4
179,0,506.1,421.3,222.5,140.3
180,0,506.1,421.3,222.5,140.3
181,0,506.5,421.0,222.0,140.5
182,0,506.0,421.0,222.5,140.5
183,0,506.9,421.1,221.5,140.5
184,0,506.9,421.1,221.5,140.5
185,0,510.3,421.4,218.6,140.3
186,0,510.2,421.4,218.7,140.3
187,0,512.4,421.4,216.8,140.1
188,0,513.3,421.3,215.9,140.2
189,0,506.1,421.0,223.9,140.1
190,0,505.9,421.1,224.1,140.1
191,0,507.0,420.8,223.1,140.3
192,0,507.0,420.6,223.1,140.5
193,0,505.8,420.1,224.5,141.0
194,0,505.8,420.1,224.5,141.0
195,0,506.0,420.2,224.5,140.9
196,0,505.9,420.2,224.6,140.9
197,0,505.4,420.1,225.3,140.8
198,0,505.9,419.9,225.0,140.8
199,0,506.3,419.6,224.8,140.9
200,0,506.0,419.7,225.1,140.7
201,0,506.3,420.0,224.7,140.3
202,0,506.3,420.1,224.7,140.3
203,0,506.6,420.0,224.5,140.3
204,0,506.6,420.0,224.5,140.3
205,0,506.7,419.9,224.6,140.6
206,0,506.7,419.9,224.6,140.6
207,0,506.7,419.9,224.6,140.6
208,0,506.7,419.9,224.6,140.6
209,0,506.7,419.9,224.6,140.6
210,0,506.3,419.9,225.1,140.4
211,0,506.3,419.6,225.2,140.6
212,0,506.3,419.6,225.2,140.7
213,0,506.3,419.8,225.2,140.5
214,0,506.3,419.8,225.2,140.5
215,0,506.0,419.5,225.8,140.7
216,0,506.0,419.5,225.8,140.7
217,0,505.9,418.4,225.4,141.7
218,0,505.9,418.3,225.4,141.9
219,0,506.0,418.1,225.3,142.0
220,0,505.9,417.9,225.3,142.2
221,0,506.1,417.7,225.8,142.0
222,0,506.1,417.7,225.8,142.0
223,0,506.0,417.2,225.9,142.6
224,0,506.0,417.2,225.9,142.6
225,0,506.0,417.5,225.8,142.3
226,0,506.0,417.5,225.8,142.3
227,0,506.0,417.5,225.7,142.3
228,0,506.1,417.4,225.6,142.4
229,0,506.0,417.7,225.7,142.1
230,0,506.0,417.6,225.9,142.2
231,0,506.1,417.6,225.9,142.1
232,0,506.1,417.6,225.9,142.1
233,0,506.2,417.6,226.0,142.1
234,0,506.1,417.8,226.0,141.6
235,0,505.8,418.2,226.3,141.0
236,0,505.8,418.2,226.3,141.0
237,0,505.8,418.2,226.3,141.0
238,0,505.8,418.2,226.3,141.0
239,0,505.8,418.1,226.3,141.0
240,0,505.8,418.1,226.3,141.0
241,0,505.8,418.1,226.5,141.1
242,0,505.8,418.1,226.5,141.1
243,0,505.9,418.1,226.4,141.1
244,0,505.8,418.1,226.4,141.0
245,0,505.8,418.1,226.5,141.1
246,0,505.8,418.1,226.5,141.1
247,0,505.7,418.0,226.6,141.1
248,0,505.7,418.0,226.6,141.1
249,0,505.7,418.0,226.7,141.1
250,0,505.7,418.0,226.7,141.1
251,0,505.9,418.1,227.9,141.8
252,0,505.9,417.0,228.3,142.8
253,0,505.9,416.9,228.3,142.6
254,0,505.9,417.0,228.3,142.6
255,0,505.8,416.9,228.7,142.6
256,0,505.7,416.9,228.8,142.6
257,0,505.3,416.8,229.1,142.6
258,0,505.5,416.8,228.9,142.6
259,0,508.7,416.5,224.7,142.1
260,0,508.7,416.3,224.8,142.3
261,0,507.1,416.6,227.2,142.8
262,0,507.1,416.6,227.2,142.8
263,0,507.0,416.7,227.5,142.8
264,0,507.1,416.6,227.4,142.8
265,0,506.9,416.3,227.9,143.2
266,0,506.8,416.2,228.0,143.3
267,0,506.9,416.6,228.1,142.9
268,0,506.9,416.6,228.1,142.9
269,0,506.6,415.2,228.3,143.4
270,0,506.6,415.2,228.3,143.4
271,0,506.8,414.8,228.2,143.1
272,0,506.8,414.7,228.2,143.1
273,0,506.8,413.8,228.5,143.3
274,0,507.0,413.6,228.2,143.5
275,0,508.5,413.2,226.2,143.2
276,0,509.2,412.2,225.3,144.5
277,0,507.3,412.4,228.5,143.3
278,0,507.2,412.9,228.5,142.8
279,0,507.2,412.9,228.4,142.4
280,0,507.1,412.8,228.2,142.4
281,0,506.9,412.4,229.9,142.5
282,0,506.9,412.4,229.9,142.5
283,0,506.9,412.4,229.9,142.5
284,0,506.9,412.4,229.9,142.5
285,0,506.5,411.1,230.1,142.8
286,0,506.7,411.4,229.9,142.4
287,0,506.8,410.9,230.6,141.8
288,0,507.1,410.9,230.2,141.9
289,0,507.3,409.4,230.5,142.7
290,0,507.2,409.3,230.6,143.0
291,0,507.4,408.4,230.1,143.4
292,0,507.4,408.3,230.1,143.5
293,0,507.7,406.1,229.1,143.8
294,0,507.9,406.3,228.8,143.6
295,0,508.6,404.9,226.0,143.8
296,0,508.6,404.9,226.0,144.1
297,0,509.2,404.4,225.4,141.3
298,0,509.3,404.5,225.4,141.2
299,0,508.7,402.2,226.1,140.8
300,0,508.7,402.2,226.1,140.8
301,0,510.1,401.8,225.2,140.1
302,0,510.0,401.9,225.2,140.0
303,0,511.7,397.9,224.6,139.5
304,0,511.5,397.8,224.7,139.5
305,0,513.1,396.3,223.0,140.4
306,0,513.1,396.3,223.0,140.4
307,0,514.8,393.9,221.6,141.3
308,0,514.7,393.8,221.7,141.6
309,0,513.1,392.5,223.4,141.8
310,0,513.1,392.5,223.4,141.8
311,0,562.9,392.8,180.1,129.1
312,0,553.2,390.4,189.6,131.2
313,0,602.3,382.8,237.6,133.4
314,0,602.3,382.9,237.6,133.4
0,1,1083.1,403.8,194.2,117.4
1,1,1072.6,402.8,202.0,120.9
2,1,1076.1,406.6,197.8,115.5
3,1,1078.0,406.5,193.0,116.8
4,1,1074.8,406.9,196.3,114.5
5,1,1076.0,407.0,194.5,114.4
6,1,1075.6,407.1,194.9,113.3
7,1,1077.9,406.9,192.0,113.1
8,1,1079.0,407.2,190.5,112.6
9,1,1078.1,407.2,190.7,113.9
10,1,1076.8,407.0,192.1,113.5
11,1,1080.2,406.9,188.4,113.8
12,1,1078.4,407.2,190.3,114.3
13,1,1078.9,406.7,188.8,114.6
14,1,1075.5,406.8,192.3,114.9
15,1,1076.4,407.2,190.9,113.3
16,1,1076.4,407.2,190.9,113.3
17,1,1072.9,407.2,193.6,113.6
18,1,1072.9,407.2,193.5,113.6
19,1,1072.9,407.2,193.6,113.6
20,1,1072.9,407.2,193.6,113.6
21,1,1072.8,406.8,192.0,113.5
22,1,1072.5,406.8,192.3,113.6
23,1,1066.5,407.3,197.4,112.2
24,1,1066.6,407.3,197.3,112.2
25,1,1063.9,407.3,199.1,112.5
26,1,1065.0,407.5,198.2,112.1
27,1,1064.4,406.9,198.8,111.1
28,1,1064.4,406.9,198.8,111.1
29,1,1071.1,406.5,191.9,109.6
30,1,1071.4,406.3,191.6,109.8
31,1,1074.0,405.8,189.0,109.2
32,1,1074.3,405.9,188.7,109.2
33,1,1072.5,405.9,190.9,108.2
34,1,1072.5,405.9,190.8,108.2
35,1,1068.3,405.2,194.2,109.5
36,1,1068.3,405.2,194.1,109.5
37,1,1066.3,404.5,195.8,109.2
38,1,1067.1,404.4,195.0,108.8
39,1,1067.2,403.7,193.4,109.7
40,1,1067.2,403.7,193.4,109.7
41,1,1062.9,402.8,196.3,110.0
42,1,1064.0,402.8,195.1,110.1
43,1,1059.9,403.0,199.3,109.8
44,1,1059.8,403.0,199.3,109.8
45,1,1061.7,402.8,196.9,109.9
46,1,1061.7,402.8,196.9,109.9
47,1,1061.6,403.4,196.7,109.5
48,1,1061.6,403.4,196.7,109.5
49,1,1062.5,402.8,195.4,110.6
50,1,1062.4,402.5,195.3,110.9
51,1,1064.6,402.3,193.0,111.1
52,1,1064.7,402.2,192.9,111.1
53,1,1063.7,402.0,193.1,111.8
54,1,1063.7,402.1,193.1,111.7
55,1,1055.9,400.9,196.8,117.9
56,1,1055.9,400.9,196.8,117.9
57,1,1055.9,400.9,196.8,117.9
58,1,1055.9,400.9,196.8,117.9
59,1,1056.6,400.8,196.2,117.9
60,1,1056.2,400.9,196.6,118.0
61,1,1056.3,400.9,196.1,117.6
62,1,1056.5,400.9,195.7,117.4
63,1,1056.7,399.4,197.2,114.7
64,1,1057.3,399.4,196.3,114.9
65,1,1057.1,399.3,196.3,114.0
66,1,1057.1,399.3,196.3,114.0
67,1,1057.7,399.1,195.7,114.0
68,1,1057.7,399.1,195.7,114.0
69,1,1057.3,399.1,196.2,114.2
70,1,1057.1,399.1,196.3,114.4
71,1,1057.0,399.0,196.1,114.1
72,1,1056.8,398.9,196.2,114.3
73,1,1058.5,399.0,194.2,112.8
74,1,1058.5,399.0,194.2,112.8
75,1,1059.3,399.0,193.5,112.6
76,1,1059.1,399.0,193.7,112.6
77,1,1060.0,399.0,193.1,112.6
78,1,1060.0,399.0,193.1,112.6
79,1,1060.3,398.8,193.1,112.7
80,1,1060.2,398.8,193.2,112.8
81,1,1060.7,398.8,192.7,112.6
82,1,1060.7,398.8,192.7,112.6
83,1,1061.8,398.8,191.6,112.6
84,1,1061.2,398.8,192.3,112.5
85,1,1061.2,398.8,192.4,112.6
86,1,1061.2,398.8,192.4,112.6
87,1,1061.5,398.8,192.2,112.5
88,1,1060.7,398.8,193.0,112.6
89,1,1065.5,399.0,189.2,111.8
90,1,1065.5,398.9,189.4,111.9
91,1,1069.3,398.7,185.6,111.6
92,1,1069.3,398.7,185.6,111.6
93,1,1070.7,398.7,184.7,111.5
94,1,1071.2,398.7,184.5,111.2
95,1,1070.6,398.8,185.1,111.2
96,1,1070.5,398.8,185.2,111.2
97,1,1072.1,398.9,184.1,110.3
98,1,1072.1,398.9,184.6,110.3
99,1,1071.8,398.9,185.2,110.5
100,1,1071.8,398.9,185.2,110.5
101,1,1071.7,398.6,185.4,110.5
102,1,1071.7,398.6,185.4,110.5
103,1,1072.0,398.5,185.3,110.5
104,1,1071.9,398.5,185.4,110.5
105,1,1072.4,398.5,184.6,110.1
106,1,1072.3,398.4,184.6,110.2
107,1,1072.4,398.3,184.5,110.2
108,1,1072.8,398.3,184.1,110.2
109,1,1073.0,398.5,184.2,109.7
110,1,1073.0,398.5,184.2,109.9
111,1,1073.3,397.8,184.6,110.1
112,1,1073.3,397.8,184.5,110.2
113,1,1073.5,397.8,184.4,110.2
114,1,1073.7,397.7,184.3,110.2
115,1,1073.7,396.5,185.1,112.6
116,1,1073.7,396.5,185.1,112.6
117,1,1073.7,396.1,185.6,113.0
118,1,1073.7,396.1,185.6,113.0
119,1,1074.3,396.1,185.1,112.4
120,1,1074.3,396.1,185.1,112.4
121,1,1074.3,396.1,185.2,112.4
122,1,1074.3,396.1,185.2,112.4
123,1,1074.9,396.2,184.8,112.3
124,1,1074.9,396.2,184.8,112.3
125,1,1075.4,396.1,184.5,112.5
126,1,1075.2,396.2,184.7,112.3
127,1,1075.5,396.3,184.3,112.3
128,1,1075.9,396.7,184.1,111.9
129,1,1076.5,396.6,184.2,112.3
130,1,1076.5,396.6,184.2,112.3
131,1,1076.5,396.6,184.2,112.3
132,1,1076.3,396.6,184.3,112.3
133,1,1077.0,395.9,184.1,112.4
134,1,1077.0,395.9,183.9,112.3
135,1,1077.0,395.4,184.7,113.4
136,1,1077.1,395.4,184.6,113.5
137,1,1077.0,394.8,185.2,113.7
138,1,1077.2,394.8,185.1,114.0
139,1,1077.3,395.0,185.4,113.6
140,1,1077.4,395.0,185.4,113.6
141,1,1077.9,395.2,184.8,113.5
142,1,1077.9,395.2,184.8,113.5
143,1,1078.6,395.1,184.0,113.6
144,1,1078.1,395.0,184.5,113.5
145,1,1079.2,394.9,184.4,113.3
146,1,1079.1,394.9,184.4,113.3
147,1,1080.9,394.4,182.7,112.9
148,1,1081.2,394.3,182.5,113.3
149,1,1082.0,394.1,182.2,113.8
150,1,1082.0,394.1,182.2,113.9
151,1,1082.7,394.1,181.9,113.8
152,1,1082.7,394.1,181.9,113.6
153,1,1081.5,394.1,183.4,114.6
154,1,1081.6,394.1,183.4,114.7
155,1,1082.2,394.3,183.0,114.3
156,1,1082.2,394.3,183.0,114.3
157,1,1082.4,394.0,183.3,113.5
158,1,1082.5,394.1,183.2,113.4
159,1,1081.2,393.9,184.9,113.5
160,1,1081.3,393.9,184.9,113.5
161,1,1081.2,394.2,185.6,113.3
162,1,1081.0,394.2,185.9,113.2
163,1,1081.9,393.8,185.1,114.7
164,1,1082.0,393.9,185.1,114.7
165,1,1081.8,393.8,185.8,114.8
166,1,1081.4,393.8,186.3,114.8
167,1,1081.4,393.8,186.2,114.8
168,1,1081.4,393.8,186.2,114.8
169,1,1081.1,393.9,186.5,115.0
170,1,1081.4,393.8,186.2,115.4
171,1,1080.7,393.9,187.5,112.8
172,1,1080.2,393.9,187.9,112.8
173,1,1077.3,393.3,190.9,113.7
174,1,1077.5,393.3,190.7,113.7
175,1,1077.6,393.4,191.6,114.3
176,1,1077.3,393.4,191.9,114.3
177,1,1075.4,393.6,193.7,115.8
178,1,1075.4,393.6,193.7,115.8
179,1,1075.5,393.5,194.1,116.2
180,1,1075.5,393.5,194.1,116.2
181,1,1077.6,393.1,192.2,116.0
182,1,1077.6,393.1,192.2,116.0
183,1,1078.2,393.2,191.7,115.8
184,1,1078.2,393.2,191.7,115.8
185,1,1079.3,393.2,191.3,115.7
186,1,1079.3,393.2,191.3,115.7
187,1,1078.1,393.3,192.7,115.2
188,1,1079.8,393.1,190.8,115.5
189,1,1082.0,393.5,189.6,115.0
190,1,1081.5,393.5,190.5,115.3
191,1,1080.5,393.5,191.2,114.7
192,1,1082.3,393.6,189.4,114.3
193,1,1080.7,393.6,191.7,114.2
194,1,1080.7,393.6,191.7,114.2
195,1,1080.0,393.3,192.5,114.0
196,1,1080.0,393.3,192.5,113.9
197,1,1082.3,393.2,190.5,112.8
198,1,1080.4,393.1,192.5,113.0
199,1,1080.0,392.7,192.7,113.4
200,1,1079.9,392.8,192.8,113.3
201,1,1078.9,392.9,194.4,114.0
202,1,1078.9,392.9,194.4,114.0
203,1,1079.2,392.8,194.1,113.9
204,1,1079.2,392.8,194.1,113.9
205,1,1078.5,392.8,195.0,114.5
206,1,1078.5,392.8,195.0,114.5
207,1,1078.5,392.8,195.0,114.5
208,1,1078.5,392.8,195.0,114.5
209,1,1078.5,392.8,195.0,114.5
210,1,1077.8,392.7,195.7,115.4
211,1,1077.9,392.5,195.8,115.7
212,1,1077.8,392.5,195.8,115.8
213,1,1078.1,392.2,195.7,115.9
214,1,1078.1,392.2,195.7,115.9
215,1,1078.6,391.6,195.6,116.5
216,1,1078.5,391.6,195.6,116.5
217,1,1079.3,391.7,195.3,115.8
218,1,1079.2,391.7,195.3,115.8
219,1,1079.5,391.7,195.2,115.6
220,1,1079.9,391.7,195.2,115.1
221,1,1080.0,391.7,195.6,112.8
222,1,1080.0,391.7,195.6,112.8
223,1,1079.9,391.5,195.8,113.0
224,1,1079.9,391.5,195.8,113.0
225,1,1080.4,391.4,195.3,112.8
226,1,1080.4,391.4,195.3,112.8
227,1,1080.5,391.4,195.0,112.4
228,1,1080.7,391.4,194.8,112.8
229,1,1082.0,391.6,193.6,112.1
230,1,1082.1,391.7,193.8,112.1
231,1,1082.1,391.7,193.7,112.0
232,1,1082.1,391.7,193.7,112.0
233,1,1082.2,391.9,193.8,111.9
234,1,1081.7,391.9,194.4,112.0
235,1,1085.8,392.5,190.9,111.4
236,1,1085.8,392.5,190.9,111.4
237,1,1085.8,392.4,191.0,111.6
238,1,1085.8,392.4,191.0,111.6
239,1,1085.3,392.6,191.4,111.4
240,1,1085.3,392.6,191.4,111.4
241,1,1085.7,392.7,191.6,110.9
242,1,1085.7,392.7,191.6,110.9
243,1,1085.7,392.9,191.7,110.6
244,1,1085.5,392.9,191.9,110.6
245,1,1085.5,392.9,191.9,110.6
246,1,1085.5,392.9,191.9,110.6
247,1,1084.8,393.1,192.7,110.1
248,1,1084.8,393.1,192.7,110.1
249,1,1085.5,392.9,192.2,110.3
250,1,1085.5,392.9,192.2,110.3
251,1,1085.8,392.9,191.8,110.3
252,1,1088.5,393.3,189.7,108.6
253,1,1088.4,393.4,189.8,108.5
254,1,1088.4,393.4,189.8,108.5
255,1,1087.1,393.3,191.3,109.0
256,1,1087.7,393.5,190.7,109.0
257,1,1087.5,393.4,191.0,108.8
258,1,1087.3,393.4,191.2,108.8
259,1,1089.4,393.6,189.3,108.5
260,1,1089.3,393.6,189.4,109.0
261,1,1089.2,393.6,189.2,109.0
262,1,1089.2,393.6,189.3,109.0
263,1,1088.3,393.6,190.1,109.3
264,1,1088.8,393.6,189.6,109.1
265,1,1089.2,393.6,189.5,109.3
266,1,1089.1,393.5,189.6,109.5
267,1,1089.2,393.5,189.6,109.8
268,1,1089.2,393.5,189.6,109.8
269,1,1089.9,392.8,189.1,109.9
270,1,1089.9,392.8,189.1,109.9
271,1,1091.0,392.0,188.3,109.7
272,1,1091.0,392.0,188.3,109.7
273,1,1091.4,390.2,187.8,110.7
274,1,1091.3,390.2,187.7,110.6
275,1,1090.6,389.5,188.7,111.0
276,1,1090.7,389.6,188.6,110.8
277,1,1090.5,388.4,188.8,109.3
278,1,1090.4,388.4,188.9,109.4
279,1,1090.0,387.2,189.9,109.7
280,1,1090.9,387.1,188.9,109.8
281,1,1091.1,385.5,189.1,109.9
282,1,1091.1,385.5,189.1,109.9
283,1,1091.1,385.5,189.1,109.9
284,1,1091.1,385.5,189.1,109.9
285,1,1091.6,383.7,188.5,110.2
286,1,1091.8,383.7,188.4,110.0
287,1,1094.2,383.0,185.5,109.5
288,1,1094.2,383.0,185.5,109.5
289,1,1093.5,382.6,186.2,108.0
290,1,1093.6,382.6,186.0,108.4
291,1,1093.7,380.7,186.3,108.0
292,1,1093.7,380.7,186.3,108.0
293,1,1092.4,379.8,186.6,108.2
294,1,1092.5,379.7,186.5,108.6
295,1,1089.9,377.5,189.4,109.5
296,1,1090.1,377.5,189.2,109.4
297,1,1077.2,374.9,202.9,114.1
298,1,1077.2,374.8,202.9,114.1
299,1,1077.8,373.6,202.1,112.5
300,1,1077.8,373.6,202.1,112.5
301,1,1076.1,372.4,204.1,112.3
302,1,1076.9,372.4,203.4,112.1
303,1,1083.0,368.4,197.3,110.6
304,1,1083.0,368.4,197.3,110.6
305,1,1080.1,365.7,200.3,114.1
306,1,1080.1,365.7,200.3,114.1
307,1,1089.7,363.5,190.5,107.8
308,1,1089.8,363.5,190.4,107.7
309,1,1087.6,361.2,192.7,108.8
310,1,1087.6,361.2,192.7,108.8
311,1,1082.6,358.9,198.3,110.0
312,1,1087.6,359.1,193.3,109.4
313,1,1065.4,362.1,177.3,108.8
314,1,1065.4,362.0,177.3,108.8
315,1,978.9,370.0,177.5,108.4
316,1,981.2,370.0,174.8,108.9
317,1,916.8,360.0,181.4,129.0
318,1,916.8,360.0,181.4,129.0
319,1,916.8,360.0,181.4,129.0
320,1,916.8,360.0,181.4,129.0
321,1,900.1,350.5,182.9,124.0
322,1,902.4,350.4,180.6,127.5
323,1,881.2,339.4,189.4,128.9
324,1,881.2,339.4,189.4,128.9
325,1,943.1,322.9,144.6,129.9
326,1,945.9,324.0,141.8,130.1
327,1,1001.5,323.9,123.2,99.9
328,1,1001.5,323.9,123.2,99.9
329,1,931.3,322.3,187.2,117.8
330,1,931.3,322.5,185.9,117.8
331,1,981.2,322.0,169.4,85.9
332,1,981.2,322.0,169.4,85.9
333,1,1028.2,322.0,174.2,67.8
334,1,1028.4,322.0,173.7,66.4
