0,0,1080.5,455.1,330.2,218.5
1,0,1080.6,455.3,329.9,218.1
2,0,1080.5,455.3,329.7,217.7
3,0,1080.4,455.8,329.8,217.0
4,0,1079.9,455.6,330.3,217.3
5,0,1080.2,455.8,330.0,216.9
6,0,1080.3,456.4,330.1,216.7
7,0,1079.5,456.6,331.2,216.6
8,0,1079.3,456.5,331.4,216.6
9,0,1079.0,455.8,332.4,217.3
10,0,1080.0,456.0,331.0,216.7
11,0,1079.7,455.6,331.5,216.5
12,0,1080.3,455.8,330.1,215.9
13,0,1080.1,455.8,330.2,214.0
14,0,1078.1,455.6,332.0,214.6
15,0,1088.2,455.8,321.9,211.5
16,0,1090.2,455.8,320.0,211.4
17,0,1089.6,455.8,320.6,211.3
18,0,1093.1,455.8,317.1,211.2
19,0,1095.2,455.9,315.2,211.0
20,0,1095.9,458.1,308.2,202.0
21,0,1096.5,455.8,293.6,201.8
22,0,1094.7,461.6,277.3,217.6
23,0,1094.4,460.3,262.3,212.0
24,0,1099.6,457.9,245.6,202.1
25,0,1099.6,456.8,235.1,202.1
26,0,1100.7,460.3,229.8,196.1
27,0,1097.5,458.3,224.7,196.7
28,0,1095.8,457.2,222.7,196.2
29,0,1095.0,456.9,223.5,195.5
30,0,1094.8,456.6,224.0,197.2
31,0,1095.5,456.9,222.3,196.4
32,0,1096.1,457.0,222.8,196.4
33,0,1080.4,457.4,237.3,196.4
34,0,1118.1,454.9,198.0,196.4
35,0,1123.0,455.2,194.9,196.1
36,0,1136.7,457.5,188.2,197.6
37,0,1142.7,456.1,197.8,194.5
38,0,1137.6,453.1,217.8,191.4
39,0,1128.2,454.7,237.0,185.2
40,0,1129.0,452.7,241.4,188.6
41,0,1128.0,452.8,243.7,188.0
42,0,1128.8,453.2,242.7,188.1
43,0,1128.6,453.0,242.9,187.8
44,0,1128.2,452.9,243.2,187.6
45,0,1128.0,453.2,243.4,187.3
46,0,1127.0,453.5,244.3,187.1
47,0,1122.2,455.2,243.9,185.2
48,0,1105.3,456.4,247.0,185.5
49,0,1086.9,458.8,245.3,184.6
50,0,1070.5,465.3,242.4,175.7
51,0,1048.1,471.0,238.8,185.0
55,0,924.1,485.2,232.5,199.4
56,0,905.0,487.1,233.2,197.0
57,0,887.5,487.8,237.2,194.7
58,0,873.6,492.2,238.5,190.9
59,0,863.4,492.8,239.4,190.8
60,0,853.6,493.4,240.3,190.7
61,0,847.4,492.2,244.4,192.1
62,0,845.2,491.2,244.9,193.4
63,0,844.8,490.2,243.7,194.5
64,0,843.1,491.6,245.6,192.8
65,0,843.2,490.4,245.8,193.8
66,0,842.8,491.3,246.6,193.1
67,0,842.4,490.4,247.0,194.0
68,0,842.5,489.2,246.7,194.1
69,0,844.5,489.3,245.4,193.7
70,0,843.6,489.2,247.1,193.7
71,0,844.5,488.1,246.6,193.0
72,0,849.7,489.5,241.5,191.8
73,0,863.5,485.2,231.2,196.4
74,0,882.3,490.3,229.8,191.0
75,0,894.7,487.6,213.4,200.9
76,0,928.5,475.8,200.9,212.5
77,0,944.2,470.7,200.2,207.1
78,0,957.0,462.8,226.8,201.9
79,0,971.9,454.8,248.4,197.1
80,0,985.3,460.3,253.4,181.3
81,0,997.2,461.5,253.9,174.1
82,0,999.0,460.2,260.0,173.2
83,0,1000.8,460.4,258.5,171.3
84,0,998.7,459.6,261.9,171.3
85,0,996.4,453.6,261.9,176.3
86,0,992.1,452.3,257.8,178.5
87,0,986.0,448.5,258.8,183.9
88,0,980.2,445.9,260.5,187.0
89,0,976.5,444.9,262.0,188.2
90,0,976.9,444.3,260.4,187.8
91,0,976.0,443.2,261.1,188.2
92,0,975.6,442.8,261.6,187.1
93,0,976.4,442.8,261.7,186.6
94,0,976.0,442.1,262.2,186.8
95,0,977.2,440.6,261.0,187.6
96,0,977.5,440.2,260.9,186.9
97,0,977.3,439.5,261.0,186.8
98,0,977.1,436.0,261.0,188.7
99,0,977.2,434.3,261.3,188.2
100,0,976.7,431.4,261.6,190.4
101,0,976.5,430.4,262.1,190.9
102,0,976.5,429.4,262.4,191.3
103,0,976.6,429.3,263.2,191.0
104,0,976.4,432.2,264.1,187.4
105,0,976.0,432.7,264.6,186.7
106,0,972.5,436.9,265.9,182.9
107,0,966.8,439.5,261.3,180.4
108,0,965.4,437.4,262.0,182.2
109,0,963.3,441.8,258.8,178.6
110,0,963.0,437.0,262.8,182.4
111,0,962.4,436.2,264.5,183.0
112,0,962.9,437.2,261.4,180.1
113,0,962.8,434.6,260.8,181.2
114,0,963.0,431.8,263.3,182.3
115,0,962.6,431.8,264.1,181.7
116,0,963.0,426.8,263.7,186.2
117,0,963.9,424.7,262.0,187.4
118,0,963.5,423.4,261.7,188.1
119,0,962.7,423.1,262.9,187.3
120,0,961.9,421.5,263.7,186.9
121,0,963.6,419.0,262.0,187.1
122,0,962.6,416.7,262.4,187.9
123,0,964.0,415.5,260.5,186.8
124,0,964.1,414.6,260.4,187.5
125,0,963.3,414.4,261.1,186.3
126,0,963.6,412.9,261.0,187.3
127,0,963.8,410.6,261.0,188.6
128,0,964.3,410.1,260.4,186.7
129,0,963.8,409.0,260.6,187.4
130,0,965.0,407.4,259.4,188.0
131,0,967.8,406.6,257.1,185.3
132,0,974.3,403.8,252.3,184.9
133,0,983.8,401.0,244.1,179.6
134,0,994.9,399.6,231.6,174.3
135,0,996.8,392.6,231.9,178.3
136,0,998.5,395.7,238.0,174.8
137,0,997.0,396.3,247.5,177.5
138,0,996.0,396.1,250.5,179.0
139,0,992.1,395.3,254.3,182.9
140,0,990.4,394.3,255.7,186.0
141,0,987.9,390.4,259.0,193.1
142,0,993.6,383.0,253.7,204.6
143,0,1001.4,382.6,247.3,208.6
144,0,1010.0,379.1,244.6,213.6
145,0,1024.9,375.5,230.0,220.2
146,0,1042.9,374.6,205.8,220.7
147,0,1060.6,396.2,182.0,197.9
148,0,1051.4,427.8,180.5,162.3
149,0,1044.4,434.4,226.5,156.4
150,0,1039.7,432.7,243.7,161.8
151,0,1037.5,445.8,252.2,160.9
152,0,1039.0,468.0,259.6,159.8
153,0,1047.2,464.4,261.0,170.4
154,0,1055.3,451.6,266.2,177.8
155,0,1064.6,470.9,265.1,163.4
156,0,1071.0,470.5,263.3,164.9
157,0,1073.1,468.0,265.4,170.2
158,0,1074.3,468.8,267.8,168.9
159,0,1075.7,470.1,269.4,165.6
160,0,1075.9,467.6,269.5,168.0
161,0,1077.1,469.7,267.8,166.1
162,0,1076.3,471.8,268.5,164.5
163,0,1088.2,470.1,260.9,171.6
164,0,1092.9,473.8,261.7,163.9
165,0,1102.2,471.1,263.1,163.3
166,0,1124.9,468.8,255.4,164.7
167,0,1145.7,478.8,255.7,155.2
168,0,1175.7,483.2,257.2,155.0
169,0,1216.5,491.1,261.9,151.6
170,0,1263.8,514.0,231.0,130.3
171,0,1312.4,516.5,234.4,131.0
172,0,1356.0,509.9,230.7,143.2
173,0,1394.3,500.8,232.0,159.2
174,0,1444.0,494.7,224.3,168.6
175,0,1474.9,492.8,229.9,175.7
176,0,1516.8,505.8,217.5,191.0
177,0,1545.1,520.5,210.9,181.8
55,1,984.4,381.7,230.0,170.3
56,1,985.1,381.6,230.8,176.0
57,1,984.5,381.7,231.8,184.5
58,1,983.8,383.2,232.4,185.1
59,1,984.1,383.2,232.0,184.7
60,1,983.9,381.9,232.3,186.1
61,1,983.1,381.1,233.8,186.9
62,1,983.2,381.9,234.2,186.8
63,1,983.5,381.7,233.6,187.2
64,1,982.9,382.3,233.6,185.6
65,1,983.6,381.3,233.1,186.5
66,1,983.3,381.1,233.4,186.8
67,1,983.4,380.5,233.2,187.3
68,1,983.4,380.5,233.7,187.0
69,1,983.4,380.4,233.9,186.8
70,1,983.4,381.0,234.4,186.3
71,1,983.3,380.9,234.9,185.7
72,1,983.0,380.8,235.4,185.6
73,1,980.8,379.6,238.0,187.4
74,1,982.2,379.7,236.7,187.0
75,1,985.2,377.0,232.7,186.5
76,1,991.0,376.0,228.3,182.9
77,1,995.7,374.4,217.5,175.9
78,1,998.9,374.2,210.6,162.0
79,1,1001.8,374.2,205.5,151.5
80,1,1002.2,372.6,126.3,158.5
81,1,1005.6,371.1,122.0,164.1
82,1,1002.9,366.1,125.2,169.7
83,1,1004.4,364.5,123.8,172.4
84,1,1002.9,364.6,124.5,169.0
85,1,1002.7,365.0,135.6,165.0
86,1,999.9,364.3,149.4,165.0
87,1,993.8,363.9,167.9,164.3
88,1,987.6,362.7,171.6,162.9
89,1,986.8,361.3,170.8,164.0
90,1,986.4,361.0,174.3,163.4
91,1,986.6,359.3,168.7,164.1
92,1,986.3,358.5,168.1,163.5
93,1,985.6,357.5,167.4,164.2
94,1,988.3,354.2,167.9,165.4
95,1,988.4,353.7,168.3,164.2
96,1,988.5,353.4,168.1,164.0
97,1,988.5,351.9,168.8,163.6
98,1,988.9,351.2,168.5,162.3
99,1,989.2,350.6,168.5,161.5
100,1,989.2,349.0,170.1,163.2
101,1,989.3,347.7,168.7,163.8
102,1,989.5,346.3,168.1,163.7
103,1,989.8,344.3,167.4,165.0
104,1,991.3,345.0,178.9,163.1
105,1,998.6,344.6,177.6,162.6
106,1,1004.3,344.8,191.9,132.6
107,1,1009.4,345.3,196.6,108.1
108,1,1025.5,345.1,185.1,118.2
109,1,1030.8,347.8,188.2,97.9
110,1,1034.7,348.7,193.4,89.2
111,1,1034.7,348.3,194.4,87.8
112,1,1032.1,345.9,193.8,87.3
113,1,1033.1,342.7,192.7,87.7
114,1,1035.4,344.0,192.8,87.9
115,1,1043.7,344.2,184.6,91.3
116,1,1047.9,343.1,179.7,106.4
117,1,1050.6,340.7,175.4,112.0
118,1,1051.2,339.9,175.0,111.9
119,1,1051.0,339.2,175.4,111.5
120,1,1050.8,338.7,175.7,112.3
121,1,1051.3,338.0,174.9,109.3
122,1,1051.3,336.1,174.3,110.1
123,1,1051.4,335.3,175.5,108.0
124,1,1051.2,333.5,174.5,111.5
125,1,1050.8,332.2,173.8,110.2
126,1,1050.6,330.3,174.3,111.2
127,1,1051.0,331.6,174.6,108.8
128,1,1050.7,331.8,175.9,108.5
129,1,1050.1,330.6,176.2,110.1
130,1,1049.7,328.4,175.0,110.9
131,1,1049.7,327.1,175.3,108.8
132,1,1050.1,326.2,175.9,103.1
133,1,1047.6,325.9,178.6,99.2
134,1,1028.2,325.8,191.8,94.4
135,1,982.4,324.1,232.4,157.3
136,1,975.9,323.5,223.4,166.0
137,1,983.4,324.5,210.1,170.4
138,1,989.4,324.8,194.1,175.2
139,1,992.9,323.9,188.2,161.3
140,1,991.8,322.1,190.1,161.0
141,1,989.5,321.0,193.4,115.3
142,1,993.2,322.2,193.5,147.0
143,1,999.7,322.7,190.3,126.3
144,1,1010.6,324.7,187.5,125.7
145,1,1027.2,321.1,175.7,128.2
149,1,1098.6,323.2,164.3,151.5
150,1,1107.9,322.1,182.6,149.9
151,1,1117.7,321.3,193.3,165.8
152,1,1127.3,319.3,228.2,167.1
153,1,1140.8,314.2,197.6,170.0
154,1,1157.5,308.6,185.9,167.6
155,1,1154.0,305.4,198.9,166.3
156,1,1133.5,300.3,220.4,170.5
157,1,1119.2,297.6,228.8,168.2
158,1,1105.1,297.9,227.3,163.9
159,1,1088.3,295.4,220.0,162.5
160,1,1076.8,296.2,203.8,156.5
161,1,1073.2,295.5,173.3,157.2
162,1,1046.9,295.8,194.9,160.9
163,1,1025.8,294.9,211.1,164.7
164,1,1012.7,293.9,216.1,167.7
165,1,1003.6,292.8,220.0,170.8
166,1,998.6,292.8,219.7,171.1
167,1,996.0,292.0,221.7,173.3
168,1,995.5,291.5,221.9,173.1
169,1,995.0,291.1,222.1,173.1
170,1,995.6,290.4,221.1,172.9
171,1,995.9,289.6,220.5,172.3
172,1,995.7,288.7,221.0,173.0
173,1,996.0,288.1,220.7,173.6
174,1,996.0,287.0,220.9,174.0
175,1,996.0,286.9,220.8,172.3
176,1,995.9,286.3,220.9,172.2
177,1,996.3,286.3,221.0,171.4
178,1,996.2,285.8,220.5,171.8
179,1,995.8,285.4,220.4,171.8
180,1,996.3,284.3,220.0,172.1
181,1,996.6,284.3,220.5,171.0
182,1,996.7,283.8,220.7,170.9
183,1,996.7,283.2,220.8,171.2
184,1,995.4,281.8,221.5,172.2
185,1,995.3,281.3,221.9,172.2
186,1,995.9,281.6,221.6,171.7
187,1,993.9,279.4,217.1,171.8
188,1,991.1,282.3,202.3,165.6
189,1,988.8,282.0,177.8,163.1
190,1,965.2,281.9,183.1,163.0
191,1,943.7,277.6,203.8,166.2
192,1,927.5,274.0,214.1,168.6
193,1,915.3,275.1,222.3,164.4
194,1,907.2,273.2,225.4,165.8
195,1,902.6,271.6,224.3,166.4
196,1,900.3,271.0,224.7,165.5
197,1,899.8,270.6,225.6,165.4
198,1,900.0,269.3,225.5,165.9
199,1,900.5,269.4,226.0,166.1
200,1,900.4,270.0,224.1,165.4
201,1,899.9,269.7,225.4,166.1
202,1,900.4,270.0,225.5,166.1
203,1,901.3,270.0,224.6,166.0
204,1,900.9,269.9,224.3,166.1
205,1,902.2,270.1,223.6,165.4
206,1,902.1,270.5,224.2,164.9
207,1,901.9,270.2,223.0,165.3
208,1,901.9,269.8,224.1,165.5
209,1,902.0,270.0,224.6,165.1
210,1,902.2,269.5,224.0,165.2
211,1,902.5,269.1,224.3,165.8
212,1,902.8,268.9,225.1,165.9
213,1,902.9,269.2,223.9,165.5
214,1,902.7,268.5,223.2,166.4
215,1,902.7,268.9,225.0,165.6
216,1,902.5,269.5,225.2,164.9
217,1,902.4,269.3,224.9,165.0
218,1,902.7,269.8,225.0,164.6
219,1,902.7,269.7,223.7,164.6
220,1,902.7,269.3,223.9,165.3
221,1,903.0,269.0,224.2,165.4
222,1,903.0,269.5,223.9,164.8
223,1,902.7,269.1,223.4,165.1
224,1,902.6,268.8,224.4,165.4
225,1,902.5,269.2,224.8,165.0
226,1,901.8,269.5,224.9,165.0
227,1,901.6,269.5,224.8,165.4
228,1,902.1,269.6,224.9,165.3
229,1,902.1,270.3,224.7,164.5
230,1,902.9,270.9,223.6,163.9
231,1,902.6,270.6,224.3,164.6
232,1,902.7,270.7,224.2,164.5
233,1,902.4,270.6,222.9,164.4
234,1,902.3,270.6,223.4,164.4
235,1,902.4,270.7,223.5,164.0
236,1,902.1,270.7,223.2,164.0
237,1,901.9,270.8,223.5,164.0
238,1,901.2,270.7,224.3,164.6
239,1,901.2,270.4,223.7,164.8
240,1,900.7,270.3,224.7,165.4
241,1,900.7,270.3,224.0,165.5
242,1,900.7,270.8,223.9,164.9
243,1,900.9,270.9,223.5,164.6
244,1,900.6,270.9,224.2,164.9
245,1,900.0,270.8,224.8,165.0
246,1,900.9,270.8,224.3,165.4
247,1,900.8,271.1,224.3,164.9
248,1,901.0,271.3,224.0,164.5
249,1,900.2,271.3,224.0,164.1
250,1,901.1,271.3,223.2,163.6
251,1,902.6,269.4,221.2,165.0
252,1,901.2,270.0,222.5,165.5
