1791,0,609.2,858.6,248.3,156.2
1792,0,612.5,861.7,246.4,152.1
1793,0,607.9,863.8,250.9,150.8
1794,0,610.1,858.5,249.1,169.0
1795,0,609.7,858.0,250.4,161.1
1796,0,607.6,857.9,252.3,155.9
1797,0,609.5,856.8,250.6,155.1
1798,0,610.2,854.9,249.3,158.9
1799,0,619.5,855.3,242.8,160.8
1800,0,625.1,854.5,233.6,162.0
1801,0,623.2,854.1,237.3,162.8
1802,0,617.6,854.5,241.6,156.7
1803,0,619.4,854.8,240.9,153.6
1804,0,618.8,855.0,242.4,147.4
1805,0,619.4,855.0,242.2,141.6
1806,0,619.4,854.7,241.8,139.7
1807,0,621.7,851.4,240.0,140.9
1808,0,621.2,849.7,241.0,143.9
1809,0,620.1,836.0,242.6,155.0
1810,0,620.8,836.6,241.8,152.2
1811,0,621.2,836.2,242.1,153.7
1812,0,623.2,837.3,241.4,151.4
1813,0,624.6,836.8,240.4,168.3
1814,0,625.2,837.6,239.9,185.5
1815,0,625.6,837.2,240.0,187.9
1816,0,626.0,837.2,239.2,189.0
1817,0,626.3,836.3,239.2,188.1
1818,0,627.0,837.0,238.4,192.4
1819,0,624.4,835.6,240.8,191.0
1820,0,624.1,835.5,240.8,189.8
1821,0,627.0,834.9,237.8,185.0
1822,0,626.1,835.6,238.5,190.2
1823,0,625.3,835.8,239.3,190.7
1824,0,624.9,836.0,239.6,192.2
1825,0,625.4,836.5,239.1,193.5
1826,0,626.0,836.5,238.8,193.5
1827,0,625.5,836.6,239.3,193.8
1828,0,625.8,836.7,239.0,193.6
1829,0,625.8,836.5,239.1,193.9
1830,0,625.1,836.3,239.7,194.1
1831,0,622.6,836.8,242.1,193.4
1832,0,622.5,836.2,242.2,194.1
1833,0,622.6,836.2,242.4,194.3
1834,0,622.6,836.1,242.4,194.5
1835,0,622.3,836.0,242.6,194.6
1836,0,622.2,835.9,242.6,194.7
1837,0,622.5,835.9,242.6,194.8
1838,0,622.4,836.0,242.6,194.7
1839,0,622.8,835.7,242.2,194.9
1840,0,623.1,836.1,242.0,194.5
1841,0,623.1,836.3,242.1,194.5
1842,0,623.1,836.2,242.0,194.6
1843,0,623.1,836.3,242.1,194.5
1844,0,623.1,836.3,242.2,194.5
1845,0,622.8,836.4,242.4,194.4
1846,0,622.8,836.3,242.4,194.5
1847,0,622.8,836.4,242.4,194.5
1848,0,623.3,836.1,241.9,194.7
1849,0,623.8,836.1,241.5,194.8
1850,0,624.0,836.0,241.2,195.0
1851,0,624.0,836.4,241.3,194.3
1852,0,623.4,836.6,241.7,194.5
1853,0,624.3,837.3,240.7,193.8
1854,0,625.0,838.0,239.8,193.0
1855,0,624.9,837.9,240.8,193.4
1856,0,623.2,837.3,242.5,193.9
1857,0,624.1,837.5,241.7,193.8
1858,0,624.6,837.1,240.8,194.3
1859,0,625.6,836.4,239.9,195.1
1860,0,626.4,836.0,238.9,195.0
1861,0,630.1,836.7,234.8,194.7
1862,0,631.0,836.3,233.9,195.2
1863,0,632.8,836.2,232.2,195.7
1864,0,632.4,836.3,232.6,195.7
1865,0,632.5,835.6,232.2,196.4
1866,0,633.1,834.5,231.4,197.5
1867,0,633.9,834.3,230.8,197.7
1868,0,633.0,835.3,233.4,195.9
1869,0,631.7,837.1,235.2,193.9
1870,0,631.9,836.4,234.6,192.3
1871,0,630.2,834.3,237.6,182.3
1872,0,628.7,845.5,236.4,179.0
1873,0,626.9,852.2,237.5,156.1
1874,0,631.2,854.6,230.9,141.6
1875,0,634.2,854.2,229.7,138.8
1876,0,633.7,855.2,230.0,145.0
1877,0,626.8,856.6,237.9,157.6
1878,0,625.6,855.7,239.1,154.5
1879,0,624.5,858.0,239.2,158.2
1880,0,623.2,863.2,239.9,142.5
1881,0,624.5,863.0,238.4,145.4
1882,0,630.6,861.5,232.1,154.4
1883,0,635.6,860.7,227.0,161.7
1884,0,634.8,861.1,227.7,165.0
1885,0,633.4,860.6,229.2,168.0
1886,0,631.2,864.9,231.7,163.4
1887,0,629.4,865.7,233.8,162.1
1888,0,628.1,862.3,235.5,166.5
1889,0,626.8,863.2,236.4,165.7
1890,0,628.5,866.2,234.5,161.9
1891,0,628.8,867.9,233.3,159.9
1892,0,629.7,881.5,231.2,144.7
1893,0,627.9,883.0,232.3,142.7
1894,0,625.9,881.4,233.8,132.6
1895,0,627.4,880.0,232.3,133.2
1896,0,627.9,880.9,230.8,132.3
1897,0,628.9,880.8,228.3,133.0
1898,0,628.3,875.6,228.0,140.2
1899,0,626.6,875.9,229.7,140.5
1900,0,627.6,883.4,226.4,139.1
1901,0,622.7,884.7,230.1,142.9
1902,0,619.6,885.0,231.4,142.3
1903,0,615.8,881.6,234.3,147.6
1904,0,615.9,883.5,233.5,143.7
1905,0,615.4,887.0,233.1,143.5
1906,0,614.8,888.5,233.5,142.3
1907,0,615.8,889.0,232.3,141.7
1908,0,616.0,887.0,232.3,144.5
1909,0,616.5,889.3,230.3,142.5
1910,0,616.2,891.5,228.8,140.5
1911,0,616.8,892.9,228.3,139.1
1912,0,616.1,893.4,227.5,138.5
1913,0,615.6,893.4,225.4,138.4
1914,0,615.8,893.0,229.2,138.9
1915,0,616.7,893.0,227.4,138.9
1916,0,616.5,893.6,227.1,138.3
1917,0,615.3,889.8,228.0,142.2
1918,0,616.7,893.7,226.4,138.1
1919,0,616.8,893.6,226.1,138.2
1920,0,617.3,892.2,226.1,139.5
1921,0,615.6,889.8,227.9,142.2
1922,0,615.1,890.7,228.2,141.3
1923,0,615.4,890.8,227.9,141.2
1924,0,614.4,890.6,228.9,141.4
1925,0,614.2,889.0,228.8,143.0
1926,0,613.5,888.8,229.7,143.2
1927,0,613.5,889.7,230.0,142.3
1928,0,613.8,889.8,229.6,142.2
1929,0,613.8,890.8,229.4,141.2
1930,0,613.7,891.6,229.6,140.4
1931,0,613.6,891.7,229.4,140.3
1932,0,613.3,892.1,229.7,139.9
1933,0,613.2,891.6,229.7,140.4
1934,0,612.5,892.2,229.9,139.8
1935,0,612.1,892.6,230.4,139.4
1936,0,612.1,892.3,230.3,139.7
1937,0,611.3,891.2,231.2,140.8
1938,0,611.4,892.7,230.7,139.3
1939,0,611.8,893.1,230.3,138.9
1940,0,612.0,893.8,230.2,138.2
1941,0,612.6,893.0,229.2,139.0
1942,0,612.6,893.2,228.9,138.8
1943,0,612.6,893.7,228.5,138.3
1944,0,612.8,896.0,228.4,136.0
1945,0,613.5,898.2,226.7,133.8
1946,0,613.5,900.0,225.4,132.0
1947,0,614.3,900.5,224.4,131.5
1948,0,613.2,900.7,225.8,131.3
1949,0,613.3,900.6,225.9,131.4
1950,0,612.8,900.9,226.5,131.1
1951,0,612.6,901.8,227.0,130.2
1952,0,612.2,902.1,227.5,129.9
1953,0,612.0,901.4,227.6,130.6
1954,0,611.6,901.3,227.1,130.7
1955,0,611.7,901.3,226.8,130.7
1956,0,611.2,901.5,226.7,130.5
1957,0,611.2,901.2,226.2,130.8
1958,0,611.1,901.1,226.2,130.9
1959,0,611.3,901.0,226.0,131.0
1960,0,610.7,901.3,226.4,130.7
1961,0,611.0,901.6,226.0,130.4
1962,0,610.7,902.2,226.3,129.8
1963,0,611.6,903.1,224.8,128.9
1964,0,611.0,903.6,225.6,128.4
1965,0,610.7,903.9,225.5,128.1
1966,0,610.9,904.1,225.5,127.9
1967,0,610.4,904.5,226.3,127.5
1968,0,609.9,903.2,227.3,128.8
1969,0,609.8,903.3,227.6,128.7
1970,0,610.8,903.7,226.8,128.3
1971,0,612.2,905.0,225.3,127.0
1972,0,612.6,906.4,225.8,125.6
1973,0,613.2,905.5,225.3,126.5
1974,0,612.7,905.6,225.4,126.4
1975,0,612.8,906.9,225.0,125.1
1976,0,611.3,907.3,226.6,124.7
1977,0,610.9,906.5,226.6,125.5
1978,0,608.6,905.5,229.2,126.5
1979,0,607.5,903.3,230.2,128.7
1980,0,605.9,903.5,231.9,128.5
1981,0,606.4,902.2,230.1,129.8
1982,0,604.8,903.3,231.9,128.7
1983,0,603.7,905.4,233.2,126.6
1984,0,603.1,906.5,233.8,125.5
1985,0,602.7,906.4,234.2,125.6
1986,0,601.8,906.3,235.3,125.7
1987,0,601.8,909.9,235.8,122.1
1988,0,602.2,909.8,235.1,122.2
1989,0,602.5,912.2,234.8,119.8
1990,0,601.7,915.3,234.9,116.7
1991,0,601.6,915.3,235.1,116.7
1992,0,600.9,915.3,235.8,116.7
1993,0,601.3,917.1,234.9,114.9
1994,0,600.6,917.8,234.6,114.2
1995,0,598.9,918.4,235.0,113.6
1996,0,598.8,919.4,234.5,112.6
1997,0,598.9,918.6,233.8,113.4
1998,0,598.6,918.9,233.8,113.1
1999,0,598.1,918.6,234.8,113.4
2000,0,598.7,918.6,233.7,113.4
2001,0,598.5,918.7,233.3,113.3
2002,0,598.9,918.3,232.7,113.7
2003,0,600.3,918.5,231.1,113.5
2004,0,599.8,918.1,231.3,113.9
2005,0,600.4,918.4,230.5,113.6
2006,0,600.7,918.1,230.1,113.9
2007,0,602.2,917.8,228.1,114.2
2008,0,602.0,916.4,227.9,115.6
2009,0,601.6,916.6,228.1,115.4
2010,0,600.8,915.9,229.0,116.1
2011,0,600.3,915.1,230.1,116.9
2012,0,597.3,917.2,232.5,114.8
2013,0,595.2,929.1,234.3,102.9
2014,0,594.7,930.9,234.1,101.1
2015,0,595.7,921.4,230.4,110.6
2016,0,593.0,913.5,230.4,118.5
2017,0,592.6,920.1,230.2,111.9
2018,0,591.9,929.7,228.6,102.3
2019,0,588.9,930.4,230.8,101.6
2020,0,582.4,925.6,234.6,106.4
2021,0,582.3,933.3,231.3,98.7
423,1,759.6,677.9,98.0,97.2
424,1,779.3,677.8,77.0,98.2
425,1,771.7,678.9,85.6,98.5
426,1,766.1,677.0,66.9,95.1
427,1,761.5,677.7,89.7,106.7
428,1,755.4,676.5,65.3,81.3
429,1,748.9,677.5,92.3,116.1
430,1,740.3,678.2,95.0,76.1
431,1,731.8,677.0,97.3,80.0
432,1,721.5,677.2,102.5,81.4
433,1,714.4,671.8,103.5,90.6
434,1,704.4,673.8,108.6,90.1
435,1,693.1,671.2,112.4,97.2
436,1,683.5,673.5,114.4,90.6
437,1,670.2,671.3,120.7,97.8
438,1,661.3,670.2,124.9,102.9
439,1,648.4,669.6,126.4,104.4
440,1,636.7,668.9,132.6,108.5
441,1,623.0,667.7,139.8,114.3
442,1,610.4,667.9,144.2,116.4
443,1,596.7,666.9,149.0,120.6
444,1,585.5,666.2,151.5,121.4
445,1,572.7,665.8,158.2,126.3
446,1,559.6,666.0,163.8,127.9
447,1,549.6,662.0,168.4,137.9
448,1,538.9,660.9,172.0,139.7
449,1,529.2,653.3,175.5,150.9
450,1,519.6,652.7,177.9,151.9
451,1,511.3,653.7,180.4,148.7
452,1,502.8,643.6,185.9,161.7
453,1,501.4,650.7,186.3,151.2
454,1,500.4,647.9,185.4,147.4
455,1,499.6,644.6,184.9,152.2
456,1,493.1,643.2,189.1,155.7
457,1,491.9,640.8,187.9,154.6
458,1,489.3,634.9,189.4,154.6
459,1,486.6,630.5,190.6,157.1
460,1,484.5,631.1,189.6,155.8
461,1,482.5,627.7,189.5,157.1
462,1,482.3,620.2,185.6,164.1
463,1,480.4,620.0,190.1,166.8
464,1,479.4,619.5,191.2,167.2
465,1,478.2,621.0,191.7,163.5
466,1,477.9,619.7,191.9,163.4
467,1,476.7,622.3,192.8,159.8
468,1,476.7,621.8,192.1,159.8
469,1,477.1,618.6,191.2,162.9
470,1,477.5,618.4,191.2,163.2
471,1,478.2,616.2,189.6,162.5
472,1,478.2,617.0,190.1,161.6
473,1,478.4,618.6,189.6,159.3
474,1,478.5,618.6,186.6,158.9
475,1,478.5,618.8,186.6,158.4
476,1,478.4,619.0,187.1,158.1
477,1,478.5,620.1,188.6,156.7
478,1,478.5,619.2,189.4,157.6
479,1,478.4,618.9,188.8,157.9
480,1,478.2,618.3,188.2,158.3
481,1,478.3,617.2,189.2,159.1
482,1,478.2,616.7,190.3,159.4
483,1,478.2,615.7,190.7,160.0
484,1,478.2,616.4,190.9,158.9
485,1,478.4,616.8,190.5,157.9
486,1,478.5,617.8,190.6,156.7
487,1,478.3,619.4,191.1,155.2
488,1,478.2,619.0,191.0,155.6
489,1,477.9,619.5,191.2,154.9
490,1,477.9,620.4,191.2,153.5
491,1,477.9,621.3,191.2,152.5
492,1,477.7,623.0,191.6,150.7
493,1,477.4,623.6,191.8,149.9
494,1,477.5,624.4,192.0,149.1
495,1,477.4,624.7,192.1,148.8
496,1,477.4,624.6,192.3,148.6
497,1,477.3,624.4,192.5,148.8
498,1,477.5,625.2,192.3,147.9
499,1,477.5,622.5,192.3,150.5
500,1,477.4,622.0,192.4,150.5
501,1,477.6,622.1,192.3,149.9
502,1,477.6,621.7,192.2,150.1
503,1,477.6,620.8,192.2,150.6
504,1,477.5,619.6,192.1,151.7
505,1,477.7,618.3,192.0,152.9
506,1,477.8,617.1,191.6,153.9
507,1,477.8,615.9,191.6,155.1
508,1,477.8,615.9,191.6,155.0
509,1,479.5,615.5,190.6,154.6
510,1,477.7,619.0,191.3,151.5
511,1,478.5,619.0,190.6,151.1
512,1,479.2,620.8,189.7,149.0
513,1,480.2,622.0,188.7,147.4
514,1,480.0,622.3,189.0,147.1
515,1,479.6,623.4,189.2,146.2
516,1,479.5,623.3,189.3,146.1
517,1,479.3,623.1,189.4,145.6
518,1,478.9,621.9,189.7,146.3
519,1,478.3,622.0,190.1,145.4
520,1,478.1,621.1,190.0,146.1
521,1,480.3,615.8,188.3,150.4
522,1,478.1,617.1,189.8,148.6
523,1,478.2,618.3,189.7,147.1
524,1,477.9,620.6,189.5,144.1
525,1,478.3,621.3,184.8,143.3
526,1,478.3,621.7,184.0,142.6
527,1,478.2,622.5,183.5,141.7
528,1,478.3,621.0,176.5,142.9
529,1,480.7,615.8,172.3,148.2
530,1,480.8,616.8,175.2,147.3
531,1,481.2,616.3,176.4,147.9
532,1,481.5,617.6,177.3,146.6
533,1,481.5,618.2,179.2,145.9
534,1,481.3,618.2,180.8,146.0
535,1,481.4,618.6,181.0,145.6
536,1,481.1,617.6,179.5,146.6
537,1,480.6,617.5,178.8,146.4
538,1,480.4,615.1,179.3,148.9
539,1,480.3,613.6,181.4,150.6
540,1,480.2,616.1,181.7,148.0
541,1,480.3,610.6,183.5,153.6
542,1,480.1,610.4,183.1,153.7
543,1,480.2,610.5,182.9,153.4
544,1,479.9,609.8,183.7,153.8
545,1,479.6,609.4,183.7,154.1
546,1,479.7,610.3,183.9,153.0
547,1,479.8,610.5,183.4,152.6
548,1,479.3,614.8,185.3,148.3
549,1,479.2,614.9,185.9,148.1
550,1,477.2,614.6,188.7,147.7
551,1,477.2,614.0,188.8,148.2
552,1,477.0,613.3,188.8,148.9
553,1,476.9,612.6,188.9,149.5
554,1,476.4,611.6,189.0,150.4
555,1,476.3,606.1,189.0,155.4
556,1,476.1,605.4,189.2,156.1
557,1,476.1,604.2,189.3,157.3
558,1,475.1,603.6,189.6,157.1
559,1,475.2,609.5,189.2,151.0
560,1,475.3,615.1,189.1,144.8
561,1,475.3,616.7,189.0,142.6
562,1,475.3,617.5,189.0,141.7
563,1,475.4,617.2,188.9,141.7
564,1,475.4,616.5,189.0,142.8
565,1,475.3,612.4,189.1,146.5
566,1,475.4,615.2,189.0,143.6
567,1,475.4,613.2,189.1,145.4
568,1,475.3,615.4,189.1,143.0
569,1,475.2,616.9,189.2,141.2
570,1,474.9,617.4,189.3,140.6
571,1,474.8,616.9,189.4,140.8
572,1,474.7,616.6,189.4,141.0
573,1,474.7,616.7,189.3,141.0
574,1,474.6,616.3,189.5,141.3
575,1,474.6,614.7,189.5,143.1
576,1,474.6,614.3,189.4,143.4
577,1,474.7,612.6,189.4,144.9
578,1,474.6,613.3,189.2,143.9
579,1,469.4,597.0,170.4,157.6
580,1,481.1,618.2,173.7,132.0
581,1,557.8,608.1,189.0,127.5
615,1,720.0,560.5,185.7,115.9
616,1,696.3,554.4,160.6,117.7
617,1,673.2,536.1,185.3,129.1
618,1,659.5,537.0,194.5,135.2
619,1,672.8,545.4,162.7,115.8
620,1,678.1,540.3,171.4,115.2
621,1,691.5,531.0,173.6,103.8
622,1,704.7,531.0,153.9,87.3
623,1,685.2,531.0,191.6,88.9
624,1,701.0,531.0,151.6,82.9
625,1,700.8,531.0,168.6,80.5
626,1,687.5,531.0,187.8,82.0
627,1,682.8,531.0,184.0,82.4
628,1,695.5,531.0,158.2,78.8
629,1,676.7,531.0,173.6,101.3
630,1,641.4,545.9,186.9,113.6
631,1,608.2,564.9,191.8,123.3
632,1,603.8,567.0,194.8,124.2
633,1,600.2,576.0,191.7,110.2
634,1,610.8,539.9,194.4,150.7
635,1,630.0,560.0,169.1,115.6
636,1,612.2,552.0,183.0,123.8
637,1,592.2,534.7,180.3,123.1
638,1,576.3,531.0,175.2,108.2
639,1,579.0,531.0,159.0,91.1
640,1,578.7,531.5,161.1,105.1
641,1,573.3,531.3,163.2,133.2
642,1,555.0,577.1,172.1,119.6
643,1,550.2,583.6,179.9,116.6
644,1,545.5,591.1,198.1,113.5
645,1,550.5,592.0,185.6,107.9
646,1,553.1,577.3,164.7,114.3
647,1,508.9,531.0,200.1,141.4
648,1,510.3,531.0,183.6,114.4
649,1,511.8,531.0,186.7,103.7
650,1,510.8,531.0,185.8,117.6
651,1,543.3,531.0,163.4,139.3
652,1,543.8,579.9,165.6,116.0
653,1,545.7,579.5,166.9,122.4
654,1,535.1,589.0,190.5,116.9
655,1,554.9,579.5,192.6,113.9
656,1,567.0,570.3,165.7,119.9
657,1,555.7,568.7,174.7,124.6
658,1,545.3,569.6,196.7,130.0
659,1,570.4,572.7,161.7,115.1
660,1,580.4,531.0,162.9,140.5
661,1,576.1,531.7,159.5,130.7
662,1,556.7,533.7,196.4,131.2
663,1,553.4,532.2,184.5,125.0
664,1,556.1,531.1,167.8,116.3
665,1,554.1,531.0,170.6,111.0
666,1,554.8,531.0,169.6,111.0
667,1,554.5,531.0,170.0,110.8
668,1,553.7,531.0,170.7,110.4
669,1,554.2,531.0,170.3,110.0
670,1,554.5,531.0,170.1,109.7
671,1,555.1,531.0,169.3,109.5
672,1,555.2,531.0,169.0,109.3
673,1,555.8,531.0,167.9,109.1
674,1,555.4,531.0,167.8,108.8
675,1,555.2,531.0,167.6,108.8
676,1,555.6,531.0,166.9,108.9
677,1,555.5,531.0,166.7,108.5
678,1,554.1,531.0,168.1,108.6
679,1,553.8,531.0,168.5,108.6
680,1,553.9,531.0,168.3,108.4
681,1,554.0,531.0,168.5,108.4
682,1,553.6,531.0,169.1,108.3
683,1,553.0,531.0,169.8,108.2
684,1,552.7,531.0,170.4,108.0
685,1,552.4,531.0,170.2,107.9
686,1,551.1,531.0,171.7,107.8
687,1,552.0,531.0,170.8,107.6
688,1,552.3,531.0,170.6,107.5
689,1,552.2,531.0,170.7,107.4
690,1,552.2,531.0,170.6,107.4
691,1,552.8,531.0,170.3,107.2
692,1,553.1,531.0,170.3,107.2
693,1,555.1,531.0,167.4,106.6
694,1,553.2,531.0,168.9,106.4
695,1,552.9,531.0,168.9,106.3
696,1,552.3,531.0,169.7,105.8
697,1,552.3,531.0,169.5,105.5
698,1,552.0,531.0,169.7,104.9
699,1,552.2,531.0,169.5,104.8
700,1,552.5,531.0,169.0,104.2
701,1,553.4,531.0,168.0,103.9
702,1,553.1,531.0,167.8,103.7
703,1,553.6,531.0,166.8,103.4
704,1,553.6,531.0,166.5,103.2
705,1,554.1,531.0,166.2,103.2
706,1,554.4,531.0,165.3,103.0
707,1,553.4,531.0,167.2,103.1
708,1,552.9,531.0,167.3,103.0
709,1,552.3,531.0,167.4,102.8
710,1,553.1,531.0,166.4,102.5
711,1,552.9,531.0,167.4,102.5
712,1,551.2,531.0,169.7,102.6
713,1,550.5,531.0,170.1,102.4
714,1,549.9,531.0,170.7,102.3
715,1,550.2,531.0,170.4,102.3
716,1,550.4,531.0,170.1,102.1
717,1,550.5,531.0,170.0,102.1
718,1,551.1,531.0,169.5,102.0
719,1,551.1,531.0,169.5,101.8
720,1,550.5,531.0,169.8,101.5
721,1,550.4,531.0,169.7,101.4
722,1,550.0,531.0,170.1,101.2
723,1,550.0,531.0,170.2,100.9
724,1,550.2,531.0,170.2,100.6
725,1,550.5,531.0,170.1,100.2
726,1,550.7,531.0,169.3,100.0
